0.0   14576.321271974728   5.5818218336720095e-08   1.7976519413670917e-14   6.704926846968966e-23   1.9730019844311112e-23   3.897605241459798e-31   1.251928160481923e-42   4.278576542811963e-50   5.725626278531952e-57   1.43092950140802e-69   2.317765578451311e-72   8.177578869299328e-73   2.2559842363278925e-73   2.6489761241019124e-75   5.126177988804611e-90   14576.321272030546   0.0
0.025   12864.660489776512   9.894016789635567e-07   8.661576245031513e-13   8.781721161302846e-21   2.584122646056054e-21   1.387643583519873e-28   1.2115852331961502e-39   4.1407020674726277e-47   1.5062325981747855e-53   1.0232500263290138e-65   1.6574217575647028e-68   5.847742872786196e-69   1.6132422505455581e-69   1.8942686457055134e-71   9.964412325932104e-86   12864.660490765915   0.0
0.05   8843.815770977024   1.3658272075710738e-05   3.2502367226760806e-11   8.957599109142035e-19   2.6358767702442785e-19   3.8475510650678417e-26   9.131768941288496e-37   3.1208668234787856e-44   3.085939922917019e-50   5.698645888170725e-62   9.230451444596098e-65   3.256703153640489e-65   8.984408581654759e-66   1.054949030166923e-67   1.5084679198612857e-81   8843.815784635326   0.0
0.07500000000000001   4736.822476821306   0.00014684035666292123   9.498617521595738e-10   7.115902360518679e-17   2.0939363017141632e-17   8.308396857014228e-24   5.360215327262586e-34   1.8319069191171407e-41   4.923900530417159e-47   2.471655604107201e-58   4.0034944246736526e-61   1.4125195280722938e-61   3.896779034253716e-62   4.5755969639599905e-64   1.7784712396788846e-77   4736.822623662612   0.0
0.1   1978.2439731464278   0.0012294813810068152   2.1618961013123817e-08   4.402452899657693e-15   1.295472558401386e-15   1.3972575099409377e-21   2.4503940988412088e-31   8.374509893713363e-39   6.118675968884221e-44   8.348926203254655e-55   1.3523275431747524e-57   4.771304416739385e-58   1.3162804936983961e-58   1.545576225282559e-60   1.6329917618635186e-73   1978.2452026494275   0.0
0.125   645.8533194594785   0.008017263409057144   3.8321523554419843e-07   2.1212205991101752e-13   6.241936885246084e-14   1.8300461918541876e-19   8.724007275498393e-29   2.9815748778623435e-36   5.921503872681444e-41   2.1963404866728617e-51   3.5575493925974066e-54   1.2551804638840185e-54   3.462720917590606e-55   4.065926031907491e-57   1.1677436670925386e-69   645.8613371061031   0.0
0.15000000000000002   166.52761884173245   0.04071554371676714   5.290497739646795e-06   7.959821585021326e-12   2.3422700895147627e-12   1.866697864481166e-17   2.4189254274754318e-26   8.26740362532083e-34   4.4630624134988493e-38   4.499819483628157e-48   7.288637698933582e-51   2.5715892144863884e-51   7.094354973213644e-52   8.330189826399988e-54   6.503354483969638e-66   166.56833967595728   0.0
0.17500000000000002   35.6347550807299   0.16103869613510693   5.688915812363961e-05   2.3262008570789004e-10   6.845120976054431e-11   1.4829017886756737e-15   5.223424479388565e-24   1.7854515895038167e-31   2.6197526141085145e-35   7.179875206797537e-45   1.1629690768041074e-47   4.103206742059583e-48   1.1319694844154567e-48   1.3291582833558345e-50   2.8206793107451466e-62   35.795850666324206   0.0
0.2   7.992852600569878   0.4960809677263106   0.000476576245454554   5.294408800517209e-09   1.5579450736427414e-09   9.174388503351564e-14   8.784449283085712e-22   3.003534203342594e-29   1.19760605761346e-32   8.922058765410696e-42   1.4451613916847308e-44   5.0988423371547045e-45   1.4066398070770325e-45   1.6516761045544083e-47   9.527882189666229e-59   8.489410151394088   0.0
0.225   3.1529064170411885   1.190341961832761   0.003112083894736973   9.384564402288501e-08   2.761536826773723e-08   4.4204679371679606e-12   1.1505358062903338e-19   3.9369377952488094e-27   4.263772902804456e-30   8.634548683463061e-39   1.3985915943044786e-41   4.934534007126175e-42   1.3613113590800065e-42   1.5984514459554314e-44   2.506486810176541e-55   4.346360584234119   0.0
0.25   2.1604960704524285   2.2254034755815124   0.01586543263275395   1.295499251065949e-06   3.8122331864867725e-07   1.6587683604170821e-10   1.1735784277666202e-17   4.0243376514680504e-25   1.1822260534585095e-27   6.507895716233553e-36   1.0541243765533514e-38   3.719179068631438e-39   1.0260261172874475e-39   1.2047595884683489e-41   5.1352412139757364e-52   4.401766655555139   0.0
0.275   1.7757980231652795   3.244081237289492   0.06340445534333247   1.3927932339590062e-05   4.098680671735047e-06   4.847631766043605e-09   9.32288820126473e-16   3.2153943909629276e-23   2.552897430320325e-25   3.820039971517112e-33   6.187556518883576e-36   2.1831039290947008e-36   6.02262400724149e-37   7.071763263583691e-39   8.193748934974293e-49   5.083301747258745   0.0
0.30000000000000004   1.5520784275082116   3.6949356830721585   0.2007875044055743   0.00011661721362962935   3.432110474730208e-05   1.1033159272562516e-07   5.767866690475422e-14   2.0203508167793352e-21   4.2933133409638036e-23   1.746311077454968e-30   2.8286087562647876e-33   9.979944206275788e-34   2.753210949969385e-34   3.2328191911776404e-36   1.0181947116677857e-45   5.447952663635968   0.0
0.325   1.3760855692129739   3.306150365120117   0.51745065321908   0.0007604408895603516   0.00022385970738831944   1.95567438483874e-06   2.7791138072585503e-12   1.0141358516177987e-19   5.623130793977732e-21   6.217298087765342e-28   1.0070544780435469e-30   3.553106258507986e-31   9.802112120182148e-32   1.1509633572339662e-33   9.853837649300822e-43   5.20067284382628   0.0
0.35000000000000003   1.235107561107334   2.357157256108817   1.1484637877039838   0.003861853133119203   0.0011376539452708657   2.6997256248786725e-05   1.0428547644571712e-10   4.2204263819497154e-18   5.735749346595545e-19   1.723884444356033e-25   2.7922829985446014e-28   9.851778961996183e-29   2.717855662284736e-29   3.1913024073263787e-31   7.426879061032077e-40   4.745755109359056   0.0
0.375   1.1484593209334777   1.3855547102650438   2.3897955297185107   0.015274093613494157   0.004508115317504452   0.000290247978307713   3.047668373744434e-09   1.5629929623821148e-16   4.5564700838232e-17   3.7225538679252705e-23   6.029652581572439e-26   2.1273919307054908e-26   5.8689436825010555e-27   6.891294417971261e-29   4.359469989565128e-37   4.943882020874006   0.0
0.4   1.0784819804450436   0.7190646178334369   4.922024710702965   0.04704892869553044   0.013958035682869406   0.002430219308550846   6.936461344586749e-08   5.596540731039753e-15   2.8189882297097978e-15   6.2603730149122046e-21   1.0140317570631425e-23   3.577723300153607e-24   9.870089711519489e-25   1.1589375576903581e-26   1.9929088862527648e-34   6.783008562033019   0.0
0.42500000000000004   0.9749403359764547   0.3610125420955948   9.654862178259247   0.11287369607136921   0.03395349761866229   0.015847069102254363   1.2295172395482931e-06   1.9745450141318017e-13   1.3582646062871353e-13   8.199470544124515e-19   1.3281198976554636e-21   4.685893441430733e-22   1.29274232476912e-22   1.5179087737527807e-24   7.095249305015393e-32   11.15349054864116   0.0
0.45   0.8543878373238682   0.1840399941561777   16.558318572757408   0.21092247506795742   0.06581990681786992   0.08047872787988981   1.6972963717523958e-05   6.4127086473528274e-12   5.096850462430026e-12   8.363687333118991e-17   1.354720208367532e-19   4.7797430418900774e-20   1.3186765038256626e-20   1.5483093784960055e-22   1.9673176461736442e-29   17.95398448697841   0.0
0.47500000000000003   0.7598543352003596   0.09337729678782387   23.300477030497472   0.30707501256209413   0.10520608496339005   0.3183067515497191   0.00018247660849393806   1.7669110709232906e-10   1.4895181459911282e-10   6.644099798110481e-15   1.0761898983131635e-17   3.7970240643425335e-18   1.047648397601115e-18   1.2299752124775036e-20   4.248232969440352e-27   24.88447898849502   0.0
0.5   0.6855011559842145   0.046882795515575976   26.073159780334006   0.3485312823114627   0.14828901008754666   0.9805141733326787   0.0015278591149541177   3.9317498785018734e-09   3.3901283111668283e-09   4.110558989545964e-13   6.658190460508459e-16   2.349142098277162e-16   6.483150256569228e-17   7.609599399474822e-19   7.1444739323590835e-25   28.28440606400275   0.0
0.525   0.6007455134198165   0.02451912422202661   22.903165488251748   0.3089511525946762   0.20062272585326488   2.3525247906596727   0.00996291381146261   6.910689589337953e-08   6.009149282919572e-08   1.9805782360720365e-11   3.208147328007662e-14   1.1318885537403743e-14   3.125824985456284e-15   3.666526320523356e-17   9.357573023524497e-23   26.40049183803093   0.0
0.55   0.5100231545525495   0.01399793739698682   15.715608118995922   0.21493874767879395   0.2682674735229347   4.397093711049626   0.05059613942633353   9.510208532937395e-07   8.295386222554348e-07   7.432065001080312e-10   1.2039009417249614e-12   4.2474672068237747e-13   1.175066852327033e-13   1.3758701726820582e-15   9.545424255813385e-21   21.17052706392759   0.0
0.5750000000000001   0.4368543235079129   0.008839102845896733   8.409034858065667   0.11896632484555063   0.33351998727818927   6.405639940337   0.2001147124125242   1.0212708543567354e-05   8.91841431925557e-06   2.1719677672195545e-08   3.5187316402603117e-11   1.2413607794593133e-11   3.4508079801464015e-12   4.021011697126671e-14   7.583820450403613e-19   15.912988402186384   0.0
0.6000000000000001   0.3771295284760232   0.0062503998202045235   3.5075631201644972   0.054448334482706855   0.35493309297377845   7.2829026815195945   0.6164226574595558   8.547426661007603e-05   7.467373479116077e-05   4.943375855924836e-07   8.011178437322363e-10   2.82575043887037e-10   7.957688660853741e-11   9.152582675181113e-13   4.693542463939998e-17   12.199810458399542   0.0
0.625   0.3097987326488208   0.004919192520066029   1.1418492866321206   0.022962587023897352   0.3074103597473471   6.48563479461152   1.4788902920708658   0.0005572842851993111   0.00048694749421344144   8.762343378651029e-06   1.4212594988382562e-08   5.010816659965561e-09   1.46049272941069e-09   1.6227207123880997e-11   2.263569542172033e-15   9.752518260077569   0.0
0.65   0.23493933311543452   0.004238250793680911   0.2920100790542296   0.01131875392570253   0.2129008852859722   4.56707137862032   2.7637901558114315   0.002830083536203842   0.0024731108439242917   0.00012096041977143684   1.966656833712274e-07   6.924927213549157e-08   2.2036165268011176e-08   2.2415483878429038e-10   8.515342826566805e-14   8.091693279582037   0.0
0.675   0.17054476220125256   0.00394043632994664   0.06096636402210127   0.00795741199911713   0.11882476988500101   2.605098244387739   4.024690102149092   0.011194279924275513   0.00978335807865498   0.0013004470842355757   2.1279990474813847e-06   7.467524988508301e-07   2.916974309015849e-07   2.4141398474309785e-09   2.5055169253685116e-12   7.014303344927042   0.0
0.7000000000000001   0.12380155304966667   0.0037514042628394987   0.012954052774113746   0.006886663506024551   0.05558581117993559   1.2712684392542122   4.57104462197002   0.034491581314125115   0.030151735341838057   0.010888510495558775   1.812804688511487e-05   6.303752450300892e-06   3.689283755169516e-06   2.031041759715104e-08   5.8075135548049805e-11   6.120852514599921   0.0
0.7250000000000001   0.08694022314943584   0.0034657693892961275   0.00520444327361744   0.005870262597418376   0.023818742070105384   0.5844249173624726   4.0590771613996885   0.08281275061054574   0.07244026551675056   0.07100201399898429   0.00012371397307538672   4.201441784650973e-05   4.6159534162642446e-05   1.3417966255960438e-07   1.0799902034653447e-09   4.995268572553054   0.0
0.75   0.054132837718961185   0.003140522433452881   0.004217322233603728   0.004623900085486197   0.010725723095697113   0.28105888279909375   2.8368398146620954   0.15507999343684273   0.1358949247312345   0.36057807023390587   0.0007042553386844468   0.00022591225632022808   0.0005395314331774468   7.061207786512005e-07   1.6806947786507962e-08   3.8477624133862847   0.0
0.775   0.027870098751145714   0.0029095976462439666   0.0041946893668469735   0.0035375003403918448   0.005732244094052592   0.14895596417163695   1.5873611159138092   0.22708585059107597   0.1999356356715763   1.426114907100863   0.003602288271104183   0.0010283764887098477   0.005414172669056566   3.078556435336187e-06   2.361635841220371e-07   3.6437457557965325   0.0
0.8   0.01144859842317862   0.002727532722658066   0.004177270015748963   0.002809416394375482   0.003753816730011109   0.08718816285647578   0.7410584281384888   0.26177576852271783   0.2333632306480093   4.392751326610088   0.017935685715746715   0.004296927601462617   0.04414231308633927   1.2336258783003575e-05   3.239907351102787e-06   5.807444053631432   0.0
0.8250000000000001   0.0036965891992763096   0.0024853755999619995   0.003913649172021078   0.0023503405944643625   0.002867765389179727   0.05386990693150882   0.3136404418264293   0.24170180226658017   0.22227125225257963   10.53771584822112   0.08762694350853578   0.017671797219399904   0.28498940895352803   5.636745602267958e-05   4.350579816180895e-05   11.774900994388757   0.0
0.8500000000000001   0.0009327628921769975   0.002220446725958468   0.0035238287111230525   0.0020833951043867428   0.002433316362902856   0.03192658656803963   0.13517742898954777   0.18608902109739148   0.1832763853815769   19.687315300686297   0.3902136642390249   0.0704128990268823   1.4419629099649132   0.00035401112969657417   0.000529872527585415   22.138451829407483   0.0
0.875   0.00018353563160290057   0.002020016737214698   0.003218798198577932   0.002012590101617334   0.0022447574535704212   0.01677064097664647   0.06480117010319822   0.12868936627019192   0.14251606968782524   28.645943686080905   1.4636023909342337   0.2503621689168238   5.695319396360991   0.0027107020201575837   0.005417016969229382   36.425812306442765   0.0
0.9   2.8138412829233442e-05   0.0018415228178840903   0.002989820517167306   0.0021272146987157715   0.0021493380029474936   0.007769512668643646   0.03531864681815017   0.08668452945405926   0.1098036864224421   32.46339954014104   4.4178775648944635   0.7393110183764019   17.53406966197626   0.019982395321610356   0.04449474724756866   55.467847337770166   0.0
0.925   3.3603163862626566e-06   0.0015924137897600492   0.0027292282121694463   0.002433060632940746   0.0020428289354935468   0.003522973185763483   0.021022524853023774   0.057501014648236044   0.08027950077388939   28.656749636503278   10.518232144316864   1.7454809603026475   42.054572922912705   0.1243731171901521   0.2880758676963569   83.55861155426969   0.0
0.9500000000000001   3.125465540649782e-07   0.0012943598949249442   0.0024674058629643274   0.002949512947173679   0.0019635787205512507   0.001948532180574346   0.012497121342955348   0.035104207751029605   0.05128331174506774   19.710242010054415   19.595941950076927   3.242133122970226   78.56440631354816   0.6209433651677636   1.4591097434231828   123.3022848482325   0.0
0.9750000000000001   2.2640488423190412e-08   0.0010358538733821249   0.002276034823749274   0.00352260656780838   0.0019920282819608135   0.0015021710211882292   0.006980939111445236   0.01852570754326293   0.02719160040180535   10.571638938832143   28.482954737328924   4.7088173416472845   114.3134342667278   2.440563321309549   5.7652763967850715   166.34571196689592   0.0
1.0   1.2772825606666124e-09   0.0008313638794052529   0.0020814087997241657   0.0038032699341353695   0.002134820730549292   0.0014139468241173537   0.0038309049007721183   0.008494836208648873   0.012043702773002797   4.4313573450442165   32.26428646044129   5.33730233980146   129.55064325409805   7.500225694494187   17.751956182929995   196.8704055321369   0.0
1.0250000000000001   5.611977575879075e-11   0.0006306629493900104   0.0017666619486218604   0.003596676044518873   0.0023992413082491717   0.0014091976636698355   0.002426941320216394   0.0038739965725876303   0.005072263645715771   1.4603975603937183   28.471794420299805   4.722780515521178   114.37037168980487   17.977096225118835   42.579239248332215   209.6028553009798   0.0
1.05   1.920311825836583e-12   0.00042097024744735894   0.0013645428707049552   0.0030944597820956503   0.0028244896236492446   0.0014568743621167835   0.0020321274669593604   0.00237245630469816   0.0029282731219026593   0.38453317975543383   19.572275005685835   3.2720259867998984   78.68602836359418   33.57621294547054   79.54527655552836   215.05284623061578   0.0
1.075   5.117456401124166e-14   0.00024249334451338552   0.0010043483082493186   0.002596152339235801   0.003303598721323803   0.0015530231196794993   0.0020692158943955846   0.00215900578090324   0.0027472157907120235   0.08444482792042882   10.483262642028667   1.7908351982578734   42.237970946305644   48.851558697412884   115.73818256141625   219.20192992664087   0.0
1.1   1.0620940946686452e-15   0.00012594542615695684   0.0007375713988233495   0.00215239762327721   0.003541917121054573   0.0016207862443036276   0.002154712026913349   0.0022619469820253073   0.0030020884442496943   0.017349809781828027   4.378232973423759   0.7944139127599498   17.753472474105223   55.36622592250109   131.15556470437062   209.48085716220928   0.0
1.125   1.7167151572376602e-17   6.347240782448594e-05   0.0005218894497480515   0.0016438174287742228   0.0033689425346506837   0.0016073338915808862   0.002127766366800538   0.00234855030317551   0.0031920637526998185   0.004527392437906365   1.4287669182828582   0.30765888392109847   5.9158155782085   48.88985613250645   115.76311145153703   172.3246101930291   0.0
1.1500000000000001   2.1610254320955008e-19   3.1630077109263534e-05   0.0003261628165287166   0.0010651933482154893   0.002952267989208773   0.0015634241534601043   0.0020442031387530616   0.002433744535196903   0.0033515246537441003   0.00242014111548446   0.36658131738242883   0.12601912654279906   1.6439659560588211   33.6581709841085   79.59869993573069   115.40962561165095   0.0
1.175   2.1185947763212378e-21   1.4572985671378344e-05   0.00016818438683901442   0.0005574436198183253   0.0025426505100947417   0.0015294165116665414   0.0019711962093777167   0.0025276996156081474   0.0035074892256408727   0.0023285107672326843   0.07546885809355876   0.0712583855855734   0.46788069756931105   18.101318743855106   42.66052375206565   61.39159760100115   0.0
1.2000000000000002   1.617567070163861e-23   5.713654555953515e-06   6.912890361100256e-05   0.0002304276633177525   0.0021559838117659173   0.0014261982840082375   0.001820462774483706   0.002457952917134625   0.0034246223408736366   0.0024865571350628965   0.01354597783409129   0.05429045713004834   0.20928441680672233   7.650771273077276   17.851417710778012   25.793386883110966   0.0
1.225   9.618405381925431e-26   1.8118153213595017e-06   2.2325748567453043e-05   7.457609603718398e-05   0.0016678611000275475   0.0011594532652625916   0.0014738131819492912   0.002066296204490788   0.002885893704528133   0.0025082258989672116   0.0030679680208593363   0.04325023414827239   0.147513044692885   2.596283332997162   5.870359583322834   8.672334420197165   0.0
1.25   4.454205365975517e-28   4.54086681783294e-07   5.6339399120573826e-06   1.8834135314643265e-05   0.0010870003240682435   0.0007718504034526822   0.0009810279279809683   0.0014475661054375952   0.0020271170333541816   0.0024471725696639858   0.0017280090777914204   0.031730185161732316   0.11603107401548211   0.7709176423763812   1.56412624543195   2.493319812589203   0.0
1.2750000000000001   1.606437287182759e-30   8.912435277224653e-08   1.1085994511492287e-06   3.7070924867101716e-06   0.0005701563622439779   0.000408216266922285   0.0005211592651091779   0.0008578952515101865   0.001207283102071315   0.002388197815425702   0.0017451701113067545   0.021721085017227856   0.09269587020040765   0.26830476026240624   0.39396594187085077   0.7843906403417724   0.0
1.3   4.512151725969557e-33   1.3651266911723331e-08   1.6996471470449723e-07   5.684125484599105e-07   0.0002358866717270159   0.00016941468501287463   0.00021928917950986385   0.00045836998545323575   0.0006507921834827379   0.0022252106721571377   0.0017778686622158678   0.014721805804068884   0.07444211209164493   0.15571751185420132   0.15099290557498735   0.4016119193929912   0.0
1.3250000000000002   9.870291824339901e-36   1.6296909740354343e-09   2.0297434426155324e-08   6.788330958203319e-08   7.636743252952645e-05   5.491071068274614e-05   7.37683952921791e-05   0.0002385090948035631   0.00034254343990117885   0.001817901470099202   0.0015456114500140893   0.009904622005650827   0.05619033587339814   0.12227090477803754   0.1096007731956091   0.3021163376564529   0.0
1.35   1.6815224542224255e-38   1.5156022440997616e-10   1.8878885665171476e-09   6.313998317097216e-09   1.92888286066333e-05   1.3875213662736246e-05   2.049407031796818e-05   0.00012202660225704624   0.00017692357289377078   0.0012310456104780271   0.0011190241941104418   0.006204447107005047   0.03683563430363724   0.09870429148602236   0.10212457148714038   0.24657163082957878   0.0
1.375   2.231011086591442e-41   1.0978328956159917e-11   1.3675640547161365e-10   4.57380958353718e-10   3.7967553043084495e-06   2.7315839316846246e-06   5.0269777545327675e-06   5.7071223205378527e-05   8.318770887584786e-05   0.0006821681068219569   0.0007004402518997277   0.00345703989238669   0.02025585433073191   0.07974875516383072   0.10089900870266931   0.20589508130252793   0.0
1.4000000000000001   2.305298487570272e-44   6.193413048825033e-13   7.715231431800843e-12   2.5803594365208542e-11   5.821700307093929e-07   4.188676830324204e-07   1.1845078405879462e-06   2.252672773481625e-05   3.291268193185279e-05   0.00031836200884495015   0.0004098237269331744   0.0017506205945123621   0.009537274980176941   0.0651678877334322   0.09726121409539511   0.1745028081286541   0.0
1.425   1.8551497911377853e-47   2.7211737445524864e-14   3.3898301297903043e-13   1.1337296234360164e-12   6.952672479478756e-08   5.0025104529055945e-08   2.7575717714160104e-07   7.162396001963233e-06   1.0474388492258152e-05   0.00013426974083713012   0.00023738020417092548   0.0008604913000650408   0.004124770782927646   0.05128031704121459   0.08568232876489114   0.1423375899291073   0.0
1.4500000000000002   1.1626719037269915e-50   9.311316774875815e-16   1.1599353311907859e-14   3.879407941541539e-14   6.4668706343373874e-09   4.653008007325873e-09   5.9603152973332855e-08   1.7968961325988075e-06   2.628733786483642e-06   5.5279785311768126e-05   0.00013175544993608007   0.0004209815436656511   0.0017668439871741004   0.03719191925807941   0.06883309123940055   0.10840436761656973   0.0
1.475   5.674946259874588e-54   2.4813791512076776e-17   3.0911222160812254e-16   1.0338270516279705e-15   4.684552820982687e-10   3.3706139608411597e-10   1.1003537579729572e-08   3.5281270018067747e-07   5.162081095250103e-07   2.2309102424760177e-05   6.434415972309047e-05   0.00019321462362776503   0.0007528980137230116   0.025407977767214433   0.053320730310984485   0.07976235480756295   0.0
1.5   2.157211407731407e-57   5.149936053385019e-19   6.415418924372036e-18   2.145639481171978e-17   2.642837098194887e-11   1.9015674237880277e-11   1.6460932774888635e-09   5.404819778386064e-08   7.90829520469055e-08   8.1837357932748e-06   2.5875115535746462e-05   7.711322671848646e-05   0.0003036864984899739   0.017233116472647213   0.04120591278338354   0.05885402265525545   0.0
1.5250000000000001   6.386310688773837e-61   8.324095118211513e-21   1.0369558571258533e-19   3.468103147566219e-19   1.1611804895352821e-12   8.354899560546553e-13   1.9478084820187203e-10   6.4526154989018985e-09   9.441591240097186e-09   2.523588345642062e-06   8.287260525283596e-06   2.5938909833283222e-05   0.00011448269091634056   0.011504643795528074   0.03016281602329293   0.041818708359425825   0.0
1.55   1.4724269468079303e-64   1.0478488767018647e-22   1.3053347673382425e-21   4.3656975424385714e-21   3.973339762494218e-14   2.8588888364633964e-14   1.8055268270636073e-11   6.001004643115613e-10   8.780843230119563e-10   6.256664534618569e-07   2.0848223146502754e-06   7.545108036854456e-06   4.2178900665344296e-05   0.006975155474118245   0.01916606786333595   0.02619365933123289   0.0
1.5750000000000002   2.643892850433488e-68   1.0272748710656187e-24   1.2797051709259211e-23   4.279979258549927e-23   1.0588590460386166e-15   7.618680119075545e-16   1.3062623973280514e-12   4.3468832803305185e-11   6.360500477113641e-11   1.2230303643306315e-07   4.0976341040759736e-07   2.040345110840614e-06   1.5556175772955847e-05   0.0035503655513743335   0.009951033550102028   0.01351952779718892   0.0
1.6   3.6972628203292945e-72   7.843340371335412e-27   9.77066953665557e-26   3.2678044862532917e-25   2.1975917373108032e-17   1.5812065700163933e-17   7.365989482799741e-14   2.452296020706588e-12   3.5882821958351656e-12   1.8705117085920592e-08   6.279624017304334e-08   5.455924615543263e-07   5.417588139511708e-06   0.0014519416531515142   0.004101015667001848   0.005559002008225965   0.0
1.625   4.0266434559295984e-76   4.663820652205897e-29   5.809852474881467e-28   1.943107574687844e-27   3.5520761541155245e-19   2.555782357908975e-19   3.2358340987989265e-15   1.0774559624898846e-13   1.576570397438823e-13   2.231781770530716e-09   7.498051456376315e-09   1.407724694266425e-07   1.6317906895665412e-06   0.00046802466346454523   0.0013257691545398161   0.0017955761112652207   0.0
1.6500000000000001   3.415327918986728e-80   2.1597774406554913e-31   2.690495465913168e-30   8.998373267726982e-30   4.4714039600612776e-21   3.2172551742516963e-21   1.1071715740222552e-16   3.6868418515584825e-15   5.394713682244081e-15   2.075118758843885e-10   6.973627573709816e-10   3.221351371164429e-08   4.0077869304125266e-07   0.00011802343080590295   0.0003346827563516315   0.00045314008424811287   0.0
1.675   2.2560463610114465e-84   7.789373696602886e-34   9.70344176420246e-33   3.2453201309948237e-32   4.383610184805693e-23   3.1540859847462666e-23   2.950443711895498e-18   9.825091218763492e-17   1.4376411711783053e-16   1.50300801287093e-11   5.0515065340582885e-11   6.098478163350134e-09   7.806340447731696e-08   2.3217610140824354e-05   6.586497124365365e-05   8.916680881250912e-05   0.0
1.7000000000000002   1.1606198960115998e-88   2.187874761504822e-36   2.725497089340402e-35   9.115436343155053e-35   3.346927675104122e-25   2.408174365581303e-25   6.123398196365063e-20   2.03913190124606e-18   2.9837280460577514e-18   8.478969713457305e-13   2.8498292059343635e-12   9.214259406508747e-10   1.1923205464636379e-08   3.559261897171464e-06   1.0098578317293048e-05   1.3670688543601063e-05   0.0
1.725   4.650058129388201e-93   4.785956608250305e-39   5.962000675500947e-38   1.993993603888519e-37   1.9901559426282448e-27   1.4319528207381991e-27   9.897520219857058e-22   3.2959493129259766e-20   4.822746609126993e-20   3.725331204699209e-14   1.2521217853362972e-13   1.0944206295182276e-10   1.4219059520123605e-09   4.2503724061698377e-07   1.2060090637775076e-06   1.6325778148750283e-06   0.0
1.75   1.4509522897845084e-97   8.153450419518354e-42   1.0156982373331496e-40   3.3970069762802377e-40   9.2162504363001e-30   6.631257142641101e-30   1.245912481636912e-23   4.148987677390465e-22   6.070941752072974e-22   1.2747296678278295e-15   4.284517861598539e-15   1.0158942077695379e-11   1.3218538797662076e-10   3.9532706557556916e-08   1.121730964461319e-07   1.518481528929917e-07   0.0
1.7750000000000001   3.5259346759386035e-102   1.0817838461892464e-44   1.3476085451201966e-43   4.507082380186668e-43   3.323898907442865e-32   2.3916047555490952e-32   1.221449097372338e-25   4.067524321531568e-24   5.951741767215201e-24   3.3970310965438976e-17   1.1417846218672943e-16   7.353581828121274e-13   9.573546201241901e-12   2.8636886176447845e-09   8.125706026155985e-09   1.0999703696333607e-08   0.0
1.8   6.67300993250058e-107   1.1178046937917695e-47   1.3924807274933647e-46   4.657157580635893e-46   9.336147954268831e-35   6.717525552924228e-35   9.325877481106053e-28   3.1055931229689083e-26   4.544210887595996e-26   7.050306698740765e-19   2.3696978373866847e-18   4.147459035115954e-14   5.4006243764182e-13   1.6155719724121953e-10   4.584191834729139e-10   6.20557920816855e-10   0.0
1.8250000000000002   9.835482276071426e-112   8.995343359656142e-51   1.1205752073759762e-49   3.747768438489181e-49   2.0422740727885783e-37   1.4694527483138114e-37   5.5453691346836446e-30   1.8466531685595217e-28   2.7020865589374643e-28   1.1395755602042261e-20   3.8302594931067456e-20   1.8220807749873562e-15   2.3728039636654977e-14   7.09831072946613e-12   2.0141504444473253e-11   2.7265365344049377e-11   0.0
1.85   1.1290051642388503e-116   5.637621845205821e-54   7.022944000819099e-53   2.3488265400036206e-52   3.479258538849671e-40   2.503388791020857e-40   2.568015326574707e-32   8.551700745066665e-31   1.2513143254863668e-30   1.4345137481176317e-22   4.82158498246515e-22   6.234583982368599e-17   8.119207125109647e-16   2.4289062081835704e-13   6.892040196247948e-13   9.329689076210965e-13   0.0
1.875   1.0093053523679091e-121   2.7516964074283985e-57   3.42786556233111e-56   1.1464510620373417e-55   4.6162121438257635e-43   3.321447259177316e-43   9.261709337315709e-35   3.084224864737326e-33   4.5129441164680424e-33   1.4063477293526381e-24   4.726915535299994e-24   1.6614374555022475e-18   2.1636874147528828e-17   6.47281368324077e-15   1.8366661450438968e-14   2.4862773451416035e-14   0.0
1.9000000000000001   7.027091422231561e-127   1.045999487728812e-60   1.3030309639254794e-59   4.357992474605734e-59   4.7699211077102006e-46   3.4320436097999104e-46   2.601423534339704e-37   8.66295289364953e-36   1.2675931233107006e-35   1.073759723912099e-26   3.6090445324655136e-26   3.448185947549622e-20   4.490583861659841e-19   1.343389460422572e-16   3.8118787022562277e-16   5.160103565603495e-16   0.0
1.925   3.810263501449448e-132   3.0966263598428885e-64   3.8575544997105213e-63   1.2901607057344956e-62   3.8385129710642615e-49   2.7618787849931326e-49   5.6905908699938815e-40   1.895013251126218e-38   2.772848698595563e-38   6.384808667858303e-29   2.146016320598815e-28   5.573463094329314e-22   7.258349164859528e-21   2.171386731402314e-18   6.161327916153705e-18   8.340530343308761e-18   0.0
1.9500000000000002   1.6090176093022402e-137   7.1395776350861615e-68   8.893972546838588e-67   2.9745928148710765e-66   2.4056985613064884e-52   1.7309431724334702e-52   9.694603252170378e-43   3.228382087874495e-41   4.723879933619737e-41   2.9567530003315223e-31   9.938027175866119e-31   7.015949807184331e-24   9.136911492363299e-23   2.7333724593973835e-20   7.755967146379437e-20   1.0499178112378851e-19   0.0
1.975   5.291672561885419e-143   1.281984026809787e-71   1.5970035375621e-70   5.341184968964721e-70   1.1742100251248361e-55   8.448651292741241e-56   1.2862609879713126e-45   4.2833541780445067e-44   6.267551454412239e-44   1.0663716364450844e-33   3.5842122449688564e-33   6.878193429536983e-26   8.957512230174241e-25   2.6797040516126037e-22   7.603682610285277e-22   1.0293031993517514e-21   0.0
2.0   1.3553501512260755e-148   1.792747341407093e-75   2.2332757556323105e-74   7.469200046823808e-74   4.463512331705973e-59   3.2115770113123514e-59   1.3290904414855289e-48   4.425979757655315e-47   6.476246117933382e-47   2.9952184607393562e-36   1.0067314544839726e-35   5.25156500131759e-28   6.83914481412176e-27   2.0459792867720182e-24   5.80548330641615e-24   7.858826894515485e-24   0.0
2.025   2.7035626226035615e-154   1.9524590761359278e-79   2.4322331529306574e-78   8.134613889010087e-78   1.3213993033453749e-62   9.507704493707935e-63   1.0695629516838546e-51   3.561732013125799e-50   5.211649032788513e-50   6.55201377914913e-39   2.2022161150166153e-38   3.1226945892662844e-30   4.066704122468183e-29   1.2165837536142037e-26   3.4520665582767736e-26   4.6730292854752304e-26   0.0
2.0500000000000003   4.1999849882881674e-160   1.6560413322878212e-83   2.0629772373951045e-82   6.899635944771745e-82   3.046616484160194e-66   2.1920950891771137e-66   6.70323657486766e-55   2.232232545343595e-53   3.266279591790347e-53   1.116214037606759e-41   3.7517389681382705e-41   1.446094469079059e-32   1.883257624101771e-31   5.633900493846701e-29   1.598623969130629e-28   2.1640418855867952e-28   0.0
2.075   5.081423856500794e-166   1.0939230756210747e-87   1.3627307244498762e-86   4.557658571808301e-86   5.470510817495488e-70   3.936130445256133e-70   3.2718178883966726e-58   1.0895420878203022e-56   1.594255532770372e-56   1.4809709419117864e-44   4.977733845228214e-44   5.21543097926334e-35   6.79208751428693e-34   2.031901783086346e-31   5.765538275043588e-31   7.804753688742794e-31   0.0
