-5.0   0.2004916119157645   1.907383266213824   0.1370814510302995   2.244956329159888
-4.975   0.2071142239568793   2.071144146232701   0.14755696177859626   2.4258153319681766
-4.95   0.19974849436402123   2.1615158942709773   0.15196192455522453   2.513226313190223
-4.925   0.19445862779730633   2.2837798533682463   0.15838550181350147   2.636623982979054
-4.9   0.19270193870443944   2.3924246312433612   0.16413885208275114   2.749265422030552
-4.875   0.191266081102968   2.443084528025112   0.16599281942232139   2.800343428550401
-4.85   0.1949092844022331   2.5158395400485736   0.16919043578550094   2.879939260236308
-4.825   0.20808146994543614   2.6640431382133656   0.1776222064657828   3.0497468146245845
-4.8   0.2268394612014696   2.795428800602978   0.18551103024112145   3.207779292045569
-4.775   0.25000497294171875   2.843688495620244   0.18848831199010496   3.282181780552068
-4.75   0.2837827330326231   2.89971642392696   0.19236565976133013   3.375864816720913
-4.725   0.32245512875924665   3.0225674403548664   0.20079338699890711   3.54581595611302
-4.7   0.3410558192333986   3.0877942682950774   0.20534281613357738   3.6341929036620537
-4.675   0.32406133521694624   2.9889510207212204   0.19892389516356684   3.5119362511017336
-4.65   0.28698718336693896   2.825547167625706   0.18821229470708126   3.3007466456997263
-4.625   0.2538898381781367   2.721975891885877   0.18155658898469412   3.157422319048708
-4.6   0.22858333825923174   2.6196410122386498   0.17517203900208494   3.0233963894999665
-4.575   0.20308482218648904   2.4177217989107382   0.16249764754069507   2.7833042686379224
-4.55   0.17860378985710879   2.17159283485654   0.14722083297836058   2.497417457692009
-4.525   0.16120840377333648   1.9859303750357111   0.1359406469090117   2.2830794257180593
-4.5   0.1480070640002333   1.8362777239609347   0.12641774277483248   2.1107025307360003
-4.475   0.13251453078289163   1.6463798648910857   0.11323982778371078   1.8921342234576881
-4.45   0.11656211148184392   1.4404334908275511   0.09823817837873218   1.6552337806881272
-4.425   0.10640302548804095   1.2907288712647829   0.08657999075662928   1.4837118875094533
-4.4   0.10340417506844675   1.1967921373470374   0.07807931558011337   1.3782756279955974
-4.375   0.10641410688946568   1.1209284556885692   0.06959052660159559   1.2969330891796305
-4.35   0.11645034313095044   1.0729038504204773   0.06156072095907422   1.250914914510502
-4.325   0.13177603565973528   1.07200374393974   0.056316255128161165   1.2600960347276364
-4.3   0.14534587560722137   1.0874191281368997   0.05337573966796692   1.286140743412088
-4.275   0.1542033103132936   1.09049778515355   0.051121047792077226   1.2958221432589208
-4.25   0.1636711360631598   1.1061285550667104   0.05006098298786492   1.319860674117735
-4.225   0.17475730208863413   1.144794006823751   0.05056843399972238   1.3701197429121075
-4.2   0.17641749714306146   1.145142936685299   0.05018341606341225   1.3717438498917727
-4.175   0.15963157291239014   1.0538451943798008   0.04669232934965772   1.2601690966418486
-4.15   0.13122423074566605   0.9091426169859177   0.04156298787459936   1.081929835606183
-4.125   0.10470065998551671   0.7821131599338548   0.03739391284638416   0.9242077327657556
-4.1   0.08435891919165182   0.6837553336962716   0.03416028805065164   0.8022745409385751
-4.075   0.06635616302691792   0.5858040987127807   0.03054111043370768   0.6827013721734063
-4.05   0.049220864496077585   0.4886353559861755   0.026859112093266586   0.5647153325755198
-4.025   0.03557169760691918   0.4148273154092277   0.024244734787700256   0.4746437478038471
-4.0   0.026775944456610315   0.3656467544443288   0.022487451498007755   0.41491015039894685
-3.9749999999999996   0.021603698397802712   0.3268635405028774   0.020791019005206704   0.3692582579058868
-3.95   0.018973189792581068   0.298635961586657   0.019465720489660953   0.337074871868899
-3.925   0.019032056468182346   0.2905356356375231   0.019326596048732374   0.32889428815443783
-3.9   0.022550861680447985   0.3039398236819413   0.020553346571050516   0.3470440319334398
-3.875   0.030881215069192613   0.34043674257422457   0.02334598407860748   0.3946639417220247
-3.8499999999999996   0.04509160872536316   0.40933959842490714   0.028395089271503943   0.4828262964217742
-3.825   0.06436032447240347   0.510962818738907   0.035690938916234025   0.6110140821275445
-3.8   0.08820689438356631   0.6382630685926114   0.04469221426757873   0.7711621772437565
-3.775   0.12084317981533992   0.8089502639836865   0.056615134297264995   0.9864085780962913
-3.75   0.1664380087847395   1.0505624360631107   0.07336414406063943   1.2903645889084896
-3.7249999999999996   0.2167646652692279   1.3269828684742628   0.09229819232784037   1.636045726071331
-3.7   0.2537628029630468   1.5439842933591632   0.10652244971730829   1.9042695460395183
-3.675   0.2715617633948206   1.673607361867901   0.11368305163264682   2.0588521768953685
-3.65   0.28351075461834946   1.7925749979777525   0.11908963414924452   2.1951753867453463
-3.625   0.29747605183177955   1.9345411766010319   0.12575862869562815   2.3577758571284395
-3.5999999999999996   0.2998117457859602   2.0052702723983935   0.12799966544099523   2.433081683625349
-3.575   0.2777348789759156   1.931951671657623   0.12078196657731698   2.3304685172108557
-3.55   0.24195631832404632   1.791420218431948   0.10871647410956065   2.142093010865555
-3.525   0.2114632421270941   1.690132952129157   0.09911505552459811   2.0007112497808492
-3.5   0.18968069195212978   1.6194488104733689   0.0923696993997956   1.901499201825294
-3.4749999999999996   0.17026092074333982   1.530323041767561   0.08557641156304761   1.7861603740739485
-3.45   0.1536041096438707   1.4486620783131572   0.07968657891278459   1.6819527668698124
-3.425   0.14308389255798962   1.4092977582794473   0.07654731969347621   1.6289289705309131
-3.4   0.1344178641062831   1.3625042439587036   0.0736935699666049   1.5706156780315916
-3.375   0.12156847113953685   1.2496170046431574   0.06809520235648288   1.4392806781391771
-3.3499999999999996   0.10713527148751024   1.1060355094471015   0.061585793377403227   1.274756574312015
-3.325   0.09805889721314513   1.0072557943319096   0.05808821555405378   1.1634029070991085
-3.3   0.09681474310925764   0.9742426780607946   0.05890152621922204   1.1299589473892744
-3.275   0.10331362828764588   0.9977766836940553   0.0641848715676842   1.1652751835493853
-3.25   0.11843074897955921   1.0871380958157968   0.07476926123363528   1.2803381060289913
-3.2249999999999996   0.13889476502140816   1.2267440756296237   0.08864451125454091   1.4542833519055727
-3.2   0.15601467275984318   1.3521658923214994   0.10031108179942162   1.6084916468807644
-3.175   0.16660964221963742   1.437101875802932   0.10790580253973293   1.7116173205623024
-3.15   0.17733204949694933   1.5336358800306171   0.11582829497217013   1.8267962244997364
-3.125   0.19088327623275175   1.6592190238811768   0.12574776402567814   1.9758500641396066
-3.0999999999999996   0.19776921165463976   1.7294843592133433   0.13148417825172798   2.058737749119711
-3.075   0.190821907056125   1.6841449587731165   0.12862524213112142   2.003592107960363
-3.05   0.17777728984798336   1.591880461654666   0.12237808630164812   1.8920358378042976
-3.025   0.1696862658473882   1.5458026029328116   0.11946579995583949   1.8349546687360392
-3.0   0.1670265500794127   1.5458255297003616   0.11927302308256571   1.83212510286234
-2.975   0.16673069796901965   1.5668923166077953   0.11945102483785393   1.853074039414669
-2.9499999999999997   0.1717195866101715   1.6399237956180137   0.12251462484475105   1.9341580070729363
-2.925   0.18275468284053561   1.7690941153178437   0.1295331873215718   2.081381985479951
-2.9   0.19137814295366917   1.8692765749935454   0.13471467899777453   2.1953693969449892
-2.875   0.19195914494150806   1.8873736584921832   0.13392801104628216   2.2132608144799732
-2.85   0.19095731583439976   1.8897813973161555   0.13164394885166042   2.2123826620022156
-2.8249999999999997   0.19397265989008577   1.932005016458595   0.1321398414027128   2.2581175177513937
-2.8   0.19423496421623387   1.9471696493114004   0.13117180367492504   2.272576417202559
-2.775   0.1847530389685411   1.868591560896185   0.12394146013552837   2.177286060000254
-2.75   0.17140156545251728   1.7567773620640388   0.11419430964931893   2.042373237165875
-2.725   0.16304417209177696   1.6970315358446142   0.1078758843640651   1.9679515923004562
-2.6999999999999997   0.15851879987796047   1.6726228030672923   0.1043374139442871   1.93547901688954
-2.675   0.15358429987233457   1.641895571797159   0.10077474491941509   1.896254616588909
-2.65   0.15082526115239875   1.6370617874576803   0.09892179627332008   1.886808844883399
-2.625   0.15218313655875473   1.6799696239237258   0.1004778475798329   1.9326306080623135
-2.5999999999999996   0.15056551113171027   1.6968669644190468   0.10178361931972948   1.9492160948704866
-2.5749999999999997   0.13929166517101052   1.6242990697123427   0.09961397602511517   1.8632047109084684
-2.55   0.1228192388355179   1.5159842644294255   0.09701050014867155   1.735814003413615
-2.525   0.10939466737647031   1.4502903129745957   0.09761672545524724   1.6573017058063133
-2.5   0.0996751351083624   1.4158205206186856   0.09971476288889852   1.6152104186159466
-2.4749999999999996   0.0901703234962874   1.3754555878283576   0.10127427907417158   1.5669001903988167
-2.4499999999999997   0.08156507274129478   1.3549004847841037   0.10478420946858392   1.5412497669939826
-2.425   0.07628967844801268   1.3762406993480747   0.11117231399901739   1.563702691795105
-2.4   0.07276210518247664   1.3842832010618984   0.11510401211897242   1.5721493183633475
-2.375   0.06833289535603962   1.3288771443860257   0.11265572096308295   1.5098657607051482
-2.3499999999999996   0.06415222252260333   1.2503854372408718   0.10782679869475016   1.4223644584582251
-2.3249999999999997   0.062173633041292344   1.20389726580073   0.10533606015237253   1.371406958994395
-2.3   0.060876822701544216   1.1680135050454168   0.10296884489007267   1.3318591726370337
-2.275   0.058242077989019085   1.1036954924948204   0.09720838602027906   1.2591459565041185
-2.25   0.055674627302982165   1.0358747400784927   0.09050434930308651   1.1820537166845615
-2.2249999999999996   0.055217568395064136   1.003433689570702   0.08669738518619963   1.1453486431519657
-2.1999999999999997   0.05606328506980765   0.988920646473981   0.08455319526036831   1.129537126804157
-2.175   0.05721524188950076   0.9650773850486208   0.08167052432132203   1.1039631512594437
-2.15   0.060366904566944456   0.9550883357320482   0.0799965609523868   1.0954518012513794
-2.125   0.06709281662777897   0.9866609095844646   0.08232400716700902   1.1360777333792527
-2.0999999999999996   0.07688367047645266   1.042648765169407   0.08810043839883483   1.2076328740446944
-2.0749999999999997   0.09070637205854278   1.1117892276642642   0.09717874271048488   1.299674342433292
-2.05   0.1111792373157923   1.2240726032399722   0.11192498732920544   1.44717682788497
-2.025   0.1353901070998803   1.3777874748011287   0.13064132340996482   1.6438189053109737
-2.0   0.15431751263168622   1.5042633995347745   0.14564859416683232   1.8042295063332932
-1.9749999999999996   0.16477058300181033   1.5705728802577092   0.1538169683714089   1.8891604316309283
-1.9499999999999997   0.1738765829542682   1.6360125418838012   0.16135630351014857   1.971245428348218
-1.9249999999999998   0.18499676727646652   1.7335604598174912   0.1714129158559077   2.0899701429498654
-1.9   0.18893638623807643   1.7884497075686414   0.1759891823662537   2.1533752761729716
-1.875   0.17813838817127337   1.7416874081117761   0.16861701591174957   2.088442812194799
-1.8499999999999996   0.16025092907529634   1.6610778338830163   0.1560298832061543   1.977358646164467
-1.8249999999999997   0.14850264746600192   1.6405575695674564   0.14848252942843607   1.9375427464618942
-1.7999999999999998   0.14793088936971827   1.6863514240152593   0.147508344612839   1.9817906579978164
-1.775   0.15909800696710058   1.7874348576725514   0.1514888889647521   2.098021753604404
-1.75   0.1839296955751916   1.9833407413076782   0.16311809765734767   2.3303885345402175
-1.7249999999999996   0.21821467241801507   2.263234866320967   0.18208892512933395   2.663538463868316
-1.6999999999999997   0.25022962407584326   2.5210996704380624   0.20060747688546937   2.971936771399375
-1.6749999999999998   0.2773152655185969   2.719917103781308   0.2157163471583839   3.212948716458289
-1.65   0.31029682194456326   2.9610545366078673   0.2349494590866998   3.50630081763913
-1.625   0.3501730190150046   3.2710099965089046   0.2598113959278834   3.8809944114517925
-1.5999999999999996   0.3781298912937432   3.4895491599023503   0.2771257651386536   4.144804816334747
-1.5749999999999997   0.3836786508051544   3.518803757111587   0.27889095772983646   4.181373365646578
-1.5499999999999998   0.38277073545006984   3.497233277100732   0.2761403515856572   4.156144364136459
-1.525   0.39037228274918706   3.5571330307408333   0.2796474337110647   4.227152747201085
-1.5   0.39697388639951775   3.6101507437025386   0.2826271810948066   4.289751811196862
-1.4749999999999996   0.39195809541478543   3.557876316785972   0.27716088494332936   4.226995297144087
-1.4499999999999997   0.38653735541686146   3.501500737309035   0.27105084000072616   4.159088932726623
-1.4249999999999998   0.39094188018547305   3.536425756859138   0.2721425585558242   4.1995101956004355
-1.4   0.3916521246182452   3.5447578988522297   0.27187662252480194   4.208286645995277
-1.375   0.37486180240170963   3.4047432949221785   0.26100143265792997   4.040606529981818
-1.3499999999999996   0.35153043716257   3.21418782793329   0.2467813141569408   3.8124995792528007
-1.3249999999999997   0.33641907120724357   3.0994426110413724   0.23859560443237562   3.6744572866809917
-1.2999999999999998   0.3221345971420767   2.984807018479682   0.2304796732210577   3.537421288842817
-1.275   0.2958754689551799   2.7518000825143987   0.21341747541125283   3.261093026880831
-1.25   0.26384831239605183   2.4615319374597115   0.19218990281449538   2.917570152670259
-1.2249999999999996   0.23813935143680004   2.2277363578265517   0.17530134026701005   2.641177049530362
-1.1999999999999997   0.2143331008959008   2.0082406583920545   0.15902930010192273   2.381603059389878
-1.1749999999999998   0.1810933052658856   1.6967337268006994   0.13498677984653568   2.0128138119131207
-1.15   0.14092306253377024   1.3176497583926556   0.10536714293710008   1.563939963863526
-1.125   0.10603990166648743   0.9867074295398404   0.07953710643197652   1.1722844376383044
-1.0999999999999996   0.0813811338162633   0.7504947614046007   0.06128721421771019   0.8931631094385742
-1.0749999999999997   0.06313266362106888   0.5721498544957598   0.0478141098079633   0.683096627924792
-1.0499999999999998   0.048674275993093055   0.4257591228463911   0.03714634911775452   0.5115797479572387
-1.025   0.03949852487690767   0.3252224580212045   0.030199454238155798   0.39492043713626795
-1.0   0.03733583804904337   0.28622252501931095   0.027818145302558744   0.35137650837091305
-0.9749999999999996   0.04276243510821265   0.3101363282315851   0.02995075543537329   0.38284951877517104
-0.9500000000000002   0.05533947702721847   0.3890631039605938   0.03617637414582564   0.4805789551336379
-0.9249999999999998   0.07190043388590485   0.4981280699216476   0.04451839393592812   0.6145468977434806
-0.8999999999999995   0.08793546227576177   0.6047498206322364   0.05173972013317856   0.7444250030411766
-0.875   0.10346755692530078   0.7078933156011714   0.057007443003507866   0.8683683155299801
-0.8499999999999996   0.12258230969454031   0.83518680649092   0.06271352413048643   1.0204826403159468
-0.8250000000000002   0.14337847046831342   0.9747022081653405   0.06937958796040893   1.1874602665940628
-0.7999999999999998   0.15529675997214887   1.05615328230438   0.07317976536226051   1.2846298076387894
-0.7749999999999995   0.1523731721190671   1.0400455171172833   0.07153835312143113   1.2639570423577815
-0.75   0.14183917342101832   0.9752298478591173   0.067402891109751   1.1844719123898866
-0.7249999999999996   0.13268758911827372   0.9210121283780562   0.064404683346748   1.1181044008430778
-0.7000000000000002   0.12344674088903401   0.8656359211981901   0.061583053367087845   1.050665715454312
-0.6749999999999998   0.10885860148909032   0.7739048384262802   0.05668570782370116   0.9394491477390717
-0.6499999999999995   0.09130711591162986   0.6643897855764578   0.05110088430164206   0.8067977857897297
-0.625   0.07771143612789368   0.5854756098157686   0.04773360005684749   0.7109206460005097
-0.5999999999999996   0.07066801809648218   0.5555404790483855   0.04707521300675961   0.6732837101516274
-0.5750000000000002   0.06908946249161232   0.5707263365713635   0.048596408815590464   0.6884122078785663
-0.5499999999999998   0.07252008560418614   0.6309862614017587   0.05281960973123202   0.7563259567371768
-0.5249999999999995   0.07898484536424877   0.7156099744796914   0.05875828290959874   0.8533531027535389
-0.5   0.08299899257910473   0.7717161984756329   0.062476351282562445   0.9171915423373
-0.47499999999999964   0.08125033623376812   0.7711453839168555   0.06164963415579547   0.9140453543064191
-0.4500000000000002   0.07675661225601768   0.7451403126093536   0.05870105289195481   0.8805979777573262
-0.4249999999999998   0.07296088213165285   0.7241839258154448   0.05623474213394042   0.853379550081038
-0.39999999999999947   0.06761340480316397   0.6820968067141521   0.052456313026648146   0.8021665245439641
-0.375   0.056968048658579254   0.5816102991266241   0.044507925319933216   0.6830862731051366
-0.34999999999999964   0.04254750253418202   0.4406043122807328   0.03363441852418208   0.5167862333390969
-0.3250000000000002   0.029466003584866455   0.3119591965347317   0.02377766597770438   0.3652028660973025
-0.2999999999999998   0.020427767057528665   0.22239939205047113   0.016941534084228566   0.25976869319222834
-0.27499999999999947   0.014595860684451026   0.16302885604658446   0.012443609806188702   0.19006832653722416
-0.25   0.010597976284884408   0.12101216131671612   0.009311833145443517   0.14092197074704405
-0.22499999999999964   0.008015268292341577   0.0935764168288585   0.0073640081034663475   0.10895569322466643
-0.1999999999999993   0.006696121558886558   0.07974197360114253   0.006610481576934814   0.0930485767369639
-0.17499999999999982   0.0064088387509411955   0.07723133414043512   0.0070260752651902375   0.09066624815656656
-0.14999999999999947   0.007222486053004601   0.08728055803086575   0.008883131213292267   0.10338617529716261
-0.125   0.009738079871473957   0.1170862576612894   0.013019350687101038   0.13984368821986437
-0.09999999999999964   0.01531340154190553   0.18233121900911117   0.0213452851775753   0.218989905728592
-0.07499999999999929   0.025850304491023476   0.305040940665884   0.036633388840300776   0.36752463399720825
-0.04999999999999982   0.041404365734650415   0.4858923709790787   0.059039411067939855   0.586336147781669
-0.024999999999999467   0.056971740641281216   0.6663186480687693   0.08146916794473169   0.8047595566547822
0.0   0.06418767028671474   0.7478508115615078   0.09203905466629311   0.9040775365145156
0.025000000000000355   0.0588877240145618   0.6807540278893034   0.0848889662227706   0.8245307181266358
0.05000000000000071   0.045515752949765106   0.516893773191821   0.0663906037782835   0.6288001299198696
0.07500000000000018   0.032128012609560476   0.3524816758085234   0.04791161962979149   0.4325213080478754
0.10000000000000053   0.023060250557162314   0.24117835982126265   0.03542605440062045   0.2996646647790454
0.125   0.0180579346780379   0.18089297931908668   0.028514579280385564   0.22746549327751014
0.15000000000000036   0.015694488578202135   0.1528560552941612   0.025298341505494742   0.19384888537785808
0.1750000000000007   0.014893055800251593   0.14218741826383213   0.024348110189889673   0.1814285842539734
0.20000000000000018   0.014524373091691719   0.13518046112042353   0.023952785060698506   0.17365761927281376
0.22500000000000053   0.013851770254322458   0.12290404310929394   0.022976686467254582   0.15973249983087098
0.25   0.013158612680946907   0.10769524939571999   0.02194271013728068   0.1427965722139476
0.27500000000000036   0.012934199971625992   0.09623181217455179   0.021676938454483326   0.13084295060066112
0.3000000000000007   0.012974865902339091   0.08948168153863807   0.021836827505907326   0.1242933749468845
0.3250000000000002   0.012983979213604384   0.08514279405983043   0.021939995238647047   0.12006676851208185
0.35000000000000053   0.013251649684173531   0.08378260779845394   0.022485503334593482   0.11951976081722095
0.375   0.013936214547893629   0.08589456786899416   0.023714980727783004   0.12354576314467078
0.40000000000000036   0.014452029323452008   0.0879339524411579   0.024587829442984144   0.12697381120759405
0.4250000000000007   0.014403322829964649   0.08743033029096416   0.024394232546864784   0.12622788566779358
0.4500000000000002   0.014451156388266754   0.08821276339829968   0.02423610053822817   0.1269000203247946
0.47500000000000053   0.015634751629955403   0.0966210910930961   0.025830528010142694   0.13808637073319419
0.5   0.018713253594836585   0.11783710758858457   0.030304441060263615   0.16685480224368476
0.5250000000000004   0.02457837521835152   0.15817447294570822   0.03891533328692128   0.22166818145098102
0.5500000000000007   0.03359057367449587   0.21984483063511592   0.052230551549548115   0.3056659558591599
0.5750000000000002   0.04341132668791576   0.28654740446894433   0.06679338102970635   0.3967521121865664
0.6000000000000005   0.04960217244620934   0.3280326134928871   0.0758744625229243   0.45350924846202073
0.625   0.05027893281539421   0.33142979828645913   0.07653777412662963   0.458246505228483
0.6500000000000004   0.04820354040961147   0.31532072734565264   0.07295591951407289   0.436480187269337
0.6750000000000007   0.04637765370728233   0.3004955269763384   0.06979580044459284   0.41666898112821354
0.7000000000000002   0.04407652045735509   0.2830824448241373   0.06611880954919958   0.393277774830692
0.7250000000000005   0.0395137340694762   0.25130695040234563   0.05927702071975973   0.35009770519158157
0.75   0.03379174131875484   0.21152425892333543   0.0508359290540532   0.2961519292961435
0.7750000000000004   0.02959277609055283   0.18023392741707464   0.04464134846989873   0.2544680519775262
0.8000000000000007   0.028065290826766964   0.16344014952493183   0.04219212930558956   0.23369756965728833
0.8250000000000002   0.029257379016780615   0.15880206487148366   0.04336921357512472   0.23142865746338898
0.8500000000000005   0.03377991459635411   0.16733228547362963   0.048998718535528486   0.25011091860551227
0.875   0.04243852096038817   0.19130250434392168   0.0601826290083175   0.29392365431262735
0.9000000000000004   0.05656235449412339   0.23158176677854614   0.07843084927646003   0.3665749705491296
0.9250000000000007   0.0795969380980698   0.29554462580400337   0.10801012850819351   0.4831516924102667
0.9500000000000002   0.1134731927016628   0.39042290613558206   0.15158057260298505   0.6554766714402299
0.9750000000000005   0.15076741254049195   0.496973440903258   0.1998057479215568   0.8475466013653068
1.0   0.17751118521414044   0.5733961837165716   0.23467760695849588   0.9855849758892079
1.0250000000000004   0.18913884406599632   0.6046610190006672   0.25031757566425267   1.0441174387309162
1.0500000000000007   0.19556489065735447   0.6213979020468269   0.25964888045401996   1.0766116731582014
1.0750000000000002   0.20392085989025685   0.6477993340046082   0.27168883523056564   1.1234090291254306
1.1000000000000005   0.20693849478956197   0.6651137991207791   0.2764517505611898   1.1485040444715309
1.125   0.19741796624260663   0.6550717268910328   0.26435798974924946   1.1168476828828888
1.1500000000000004   0.18261071065245923   0.6404938030369751   0.24519807500392946   1.068302588693364
1.1750000000000007   0.17351373008923404   0.6483260075134497   0.23357068806836548   1.0554104256710493
1.2000000000000002   0.17074078989103056   0.6710064808598504   0.23002623495065105   1.071773505701532
1.2250000000000005   0.17128367008203985   0.6991790691045214   0.23037717944290034   1.1008399186294615
1.25   0.17779354731915187   0.7498298533580855   0.23829159859825075   1.165914999275488
1.2750000000000004   0.18993335824815896   0.822922719322264   0.2535932733431903   1.2664493509136132
1.3000000000000007   0.19733845542587986   0.8751178615432627   0.26254271944173385   1.3349990364108764
1.3250000000000002   0.1929682880028191   0.8806723588490414   0.25559055201073316   1.3292311988625936
1.3500000000000005   0.18424553586434128   0.8748401463157707   0.24259498807010937   1.3016806702502213
1.375   0.1808853232367973   0.8945942313430638   0.23702402518170942   1.3125035797615707
1.4000000000000004   0.18184819782094983   0.9259105415690684   0.23848331633781586   1.346242055727834
1.4250000000000007   0.18387072804875113   0.9532737376910354   0.24338849310429833   1.3805329588440847
1.4500000000000002   0.1910768056100491   1.002982992121219   0.25720218535694156   1.4512619830882096
1.4750000000000005   0.20516674500004958   1.0855983998127492   0.2818453598305546   1.5726105046433534
1.5   0.21772866225492726   1.156019700297185   0.30686947694562994   1.6806178394977422
1.5250000000000004   0.22377455818344844   1.187622069326009   0.3278847800786584   1.7392814075881158
1.5500000000000007   0.2313717089915159   1.223706649502777   0.35663621084347547   1.8117145693377685
1.5750000000000002   0.2469195110444284   1.2977837183081158   0.3978846186921638   1.942587848044708
1.6000000000000005   0.2642638864834922   1.373730217325006   0.43723010017772496   2.075224203986223
1.625   0.2798230970642394   1.4268663664927743   0.4688131895653059   2.1755026531223196
1.6500000000000004   0.3022145044298188   1.5018481732021893   0.5091303864511345   2.3131930640831424
1.6750000000000007   0.33293147275997964   1.6171065881718878   0.5619505433216104   2.511988604253478
1.7000000000000002   0.3554146195087156   1.7004745927843419   0.5994215480477012   2.6553107603407584
1.7250000000000005   0.35974722218203414   1.7027115038012262   0.6044795293664614   2.666938255349722
1.75   0.3593979856728564   1.6833768209303626   0.5999743525248241   2.642749159128043
1.7750000000000004   0.36565217370100045   1.6950664123348844   0.6058028814595644   2.666521467495449
1.8000000000000007   0.3657565016884918   1.677832785239814   0.6011742425139016   2.6447635294422076
1.8250000000000002   0.3464148217490253   1.5658366606693062   0.5631205810089027   2.4753720634272343
1.8500000000000005   0.31944217669905317   1.4108267711327613   0.5105038452436118   2.2407727930754264
1.875   0.30424112801644315   1.306306899360687   0.4766695116067986   2.087217538983929
1.9000000000000004   0.3034896080708769   1.270737850008992   0.4682115046846469   2.042438962764516
1.9250000000000007   0.31397025811069346   1.2872608513740644   0.4799222833955598   2.0811533928803176
1.9500000000000002   0.34043280470372583   1.370097187575707   0.517672254160254   2.228202246439687
1.9750000000000005   0.3789398263597357   1.5042338424755548   0.5748532979758387   2.458026966811129
2.0   0.40734413926839563   1.6036279289852504   0.6180581261525387   2.6290301944061847
2.0250000000000004   0.41368746077959045   1.6196995978159816   0.6295053737916043   2.6628924323871765
2.0500000000000007   0.4143350864645481   1.6148930945316078   0.6339655629053791   2.6631937439015347
2.075   0.424070707370454   1.6486887337235794   0.6534191395275832   2.7261785806216166
2.1000000000000005   0.43112320178598534   1.6796080410587086   0.6700831856183898   2.780814428463084
2.125   0.4231771759427481   1.663310332780193   0.6665462277200576   2.7530337364429984
2.1500000000000004   0.41295205345597125   1.64795383342384   0.6629392655414245   2.723845152421236
2.1750000000000007   0.4137946291312946   1.6771744186802324   0.6770892457689879   2.768058293580515
2.2   0.41414835461536614   1.695550553719306   0.6868346210844585   2.796533529419131
2.2250000000000005   0.4009999395008697   1.6491678889559265   0.6709723905211885   2.7211402189779847
2.25   0.3856213815255492   1.587773509555099   0.6499261774058352   2.6233210684864834
2.2750000000000004   0.3819649254721905   1.5710828397854848   0.6471477259162128   2.600195491173888
2.3000000000000007   0.3818407020377928   1.564837342808269   0.647590682797422   2.5942687276434837
2.325   0.37471204297225624   1.523671499599383   0.632647164291246   2.531030706862885
2.3500000000000005   0.37001658666000414   1.4867320344080905   0.6189784721562112   2.475727093224306
2.375   0.3769995429756482   1.497770136812456   0.624414114941101   2.499183794729205
2.4000000000000004   0.38399437571850586   1.5173485263578483   0.6314546302983877   2.532797532374742
2.4250000000000007   0.3801200935872663   1.5045856992490023   0.6220767534499655   2.506782546286234
2.45   0.3761507736810231   1.499735037689578   0.613175138376216   2.489060949746817
2.4750000000000005   0.3817425872157868   1.5367895759718189   0.6205133492948024   2.539045512482408
2.5   0.38347627718552313   1.5607673543850027   0.6227644563420162   2.567008087912542
2.5250000000000004   0.36804359195513375   1.52189869770019   0.5986179789090166   2.48856026856434
2.5500000000000007   0.34673208080393003   1.4685585055855659   0.566411137268375   2.381701723657871
2.575   0.33510189491586323   1.4602042694910342   0.5515825432734779   2.3468887076803755
2.6000000000000005   0.32811411615701847   1.4722370705623364   0.5471736512519089   2.347524837971264
2.625   0.31606559292595543   1.4704611139176822   0.5397234918396427   2.3262501986832804
2.6500000000000004   0.3055435105912453   1.4904075969414032   0.5408501352629147   2.3368012427955636
2.6750000000000007   0.30373787482090164   1.5545939656863001   0.5591159208865101   2.4174477613937118
2.7   0.2998371306636344   1.5991098862146622   0.5725809865304549   2.4715280034087517
2.7250000000000005   0.28224180972643564   1.5735307994450782   0.56333996457501   2.4191125737465238
2.75   0.25889958031539334   1.5302836235736081   0.5493941659621251   2.3385773698511265
2.7750000000000004   0.24269382645374307   1.5281914621335588   0.5506069919499316   2.3214922805372336
2.8000000000000007   0.23106720937480404   1.5339567105967018   0.5540785377424031   2.319102457713909
2.825   0.2162513941329925   1.5052438103284655   0.5444153589291951   2.265910563390653
2.8500000000000005   0.20194134409846626   1.4807159186725678   0.5358684435674156   2.2185257063384496
2.875   0.19436565478727033   1.4964854761143505   0.541688713945665   2.2325398448472855
2.9000000000000004   0.18863099097006575   1.49988370668243   0.5428237577547438   2.2313384554072395
2.9250000000000007   0.1779313196085527   1.438452667627959   0.5202021131072907   2.1365861003438025
2.95   0.16628623235274984   1.3553657840662123   0.48931234117252687   2.0109643575914893
2.9750000000000005   0.16018801246245298   1.3104354490350518   0.47146041449365145   1.9420838759911563
3.0   0.15698305237431567   1.2833033913046903   0.4584160897075015   1.8987025333865075
3.0250000000000004   0.15212739989434315   1.2363183700436327   0.4352981096600779   1.8237438795980536
3.0500000000000007   0.14888053183023597   1.1981097445351034   0.41203967041321665   1.759029946778556
3.075000000000001   0.15089927263985844   1.2057594678401085   0.4035644308740477   1.7602231713540144
3.0999999999999996   0.1538806380885165   1.2350605371278112   0.4029328722551835   1.7918740474715111
3.125   0.1538125858601696   1.2614964573535934   0.40027274491988296   1.8155817881336458
3.1500000000000004   0.15488397869857665   1.3178426484872812   0.4048585689808753   1.8775851961667331
3.1750000000000007   0.16026239415731638   1.4196893233690784   0.4238444547231676   2.0037961722495625
3.200000000000001   0.16390542899511676   1.5113117861834995   0.44281157931923115   2.1180287944978473
3.2249999999999996   0.16063862228618478   1.559583191448574   0.45144555588828883   2.171667369623048
3.25   0.15551482329988084   1.618004491974686   0.4638907890694661   2.237410104344033
3.2750000000000004   0.1540413089665678   1.7197106491722582   0.4895991796868277   2.3633511378256538
3.3000000000000007   0.15194008861085181   1.8002706241153847   0.5107311442786651   2.4629418570049015
3.325000000000001   0.1438072341418058   1.812764945058726   0.5139810450564346   2.4705532242569666
3.3499999999999996   0.13347183752181985   1.8188171324738744   0.5163499683719007   2.468638938367595
3.375   0.12663763140376566   1.8709159993985838   0.5321256820772889   2.5296793128796384
3.4000000000000004   0.12090209171120839   1.9097034438557732   0.544114243592874   2.5747197791598553
3.4250000000000007   0.11168362641509805   1.8791776177247195   0.5364773080993394   2.527338552239157
3.450000000000001   0.10130394839058561   1.8356412193483036   0.5253958520128084   2.4623410197516975
3.4749999999999996   0.09436023415176593   1.8347002221307973   0.5265803255788207   2.455640781861384
3.5   0.08991826251222486   1.8160567990257424   0.5226284772053081   2.428603538743275
3.5250000000000004   0.08513623093231783   1.711742200079204   0.49428280211860887   2.2911612331301305
3.5500000000000007   0.08141655104617426   1.5716261824312963   0.4560807920591666   2.109123525536637
3.575000000000001   0.0809247141263533   1.4753457272235415   0.43059536076128024   1.9868658021111751
3.5999999999999996   0.08175084119402277   1.409149973890106   0.41329148890432904   1.904192303988458
3.625   0.08186400277289621   1.3278262383132031   0.3910809125006208   1.8007711535867204
3.6500000000000004   0.08324005412088631   1.2541766737484932   0.3709302939540746   1.7083470218234542
3.6750000000000007   0.08712249740812505   1.2232907438684695   0.3627717802983563   1.6731850215749509
3.700000000000001   0.08996540217164385   1.20196650167846   0.35581819185044494   1.6477500957005486
3.7249999999999996   0.08906696050555313   1.1495017968157641   0.33723623962056953   1.5758049969418868
3.75   0.08753780094246047   1.0951079184448356   0.31588781240872704   1.498533531796023
3.7750000000000004   0.08894667186355981   1.081906175813154   0.3060070873276943   1.4768599350044083
3.8000000000000007   0.09205837907361739   1.0964920676236654   0.3051991417593459   1.4937495884566285
3.825000000000001   0.09547707349711744   1.1188874302394987   0.3075352998441043   1.5218998035807205
3.8499999999999996   0.10168469221556471   1.1749609041150815   0.31953161384875006   1.5961772101793963
3.875   0.11122392834375844   1.2734887996976154   0.3443117667067053   1.729024494748079
3.9000000000000004   0.1189853206883982   1.361108275987593   0.36907898024489805   1.849172576920889
3.9250000000000007   0.12203736256780927   1.4074370526397437   0.3869221570323338   1.9163965722398868
3.950000000000001   0.12476538841779837   1.4603488978206547   0.4102452468121153   1.9953595330505685
3.9749999999999996   0.1302083465686726   1.546164289752453   0.443050918724997   2.1194235550461227
4.0   0.13338730484395453   1.5982513773107825   0.4634178673346524   2.195056549489389
4.025   0.12998547169999988   1.5643683781852074   0.455982616610017   2.1503364664952245
4.050000000000001   0.12435812116844566   1.4994924911796816   0.4377725530498992   2.0616231653980264
4.075000000000001   0.12171055282938237   1.4675391295516131   0.42803087695753117   2.0172805593385266
4.1   0.11947150742923103   1.4362675713349162   0.4170242955445425   1.9727633743086896
4.125   0.11372795467095999   1.356330160111145   0.3895905539889733   1.8596486687710783
4.15   0.10736421838752616   1.262230423735239   0.35577716230314793   1.725371804425913
4.175000000000001   0.10459977203166156   1.207790605126186   0.33282060444137446   1.645210981599222
4.200000000000001   0.10375136044635792   1.1753014460318412   0.31753597035915976   1.596588776837359
4.225   0.10211556768210348   1.1292855613791641   0.299723384152714   1.5311245132139817
4.25   0.10189690153727327   1.0913416192703214   0.2840887646437655   1.4773272854513602
4.275   0.10481129942062656   1.0852945829844431   0.27735432203461363   1.4674602044396834
4.300000000000001   0.10674799205288246   1.0713012685778553   0.2701434757419613   1.448192736372699
4.325000000000001   0.10417345735310975   1.0073492146884198   0.25152754827001833   1.3630502203115478
4.35   0.10018454485007446   0.9217964110064103   0.2279649970443566   1.2499459529008414
4.375   0.09807236290184183   0.8608946101366473   0.21110106086635333   1.1700680339048424
4.4   0.09445332389698752   0.8153889023797413   0.19933856466646416   1.109180790943193
4.425000000000001   0.08500155666949845   0.7570320117155722   0.18611125125363437   1.028144819638705
4.450000000000001   0.07216625345825481   0.7005353881168745   0.17474552438135657   0.9474471659564859
4.475   0.0615132288646075   0.6761850446572001   0.17194346089798343   0.909641734419791
4.5   0.054455614482948216   0.6826428240277761   0.17695236809932666   0.914050806610051
4.525   0.049344614711370964   0.711587978912313   0.18819999418211586   0.9491325878057998
4.550000000000001   0.04605978920798908   0.7753814118089285   0.20930159485485159   1.0307427958717692
4.575000000000001   0.04516083941356285   0.8666528727610252   0.23751473089116448   1.1493284430657527
4.600000000000001   0.04534514351208131   0.9366531699984018   0.25868772396763895   1.2406860374781221
4.625   0.04540253376279208   0.9601985003369726   0.2658530646294718   1.2714540987292366
4.65   0.04638715426966483   0.9755253819028692   0.2700955218821565   1.2920080580546907
4.675000000000001   0.049049931220848365   1.0147558436640705   0.28096710903433275   1.3447728839192514
4.700000000000001   0.05170074248874899   1.049572764141519   0.2912913142256173   1.3925648208558852
4.725000000000001   0.05325304022519129   1.055216647192639   0.2947039391702081   1.4031736265880386
4.75   0.05551606694179957   1.0676622886181322   0.3010649053942799   1.4242432609542117
4.775   0.059795641282963746   1.1229397191965322   0.319334723969971   1.5020700844494668
4.800000000000001   0.06445863205759911   1.203687498887395   0.34328382331656715   1.611429954261561
4.825000000000001   0.06859011090157212   1.2990917878174528   0.36931646996406947   1.7369983686830943
4.850000000000001   0.07394355414615554   1.4363319684402727   0.4057015954046831   1.9159771179911114
4.875   0.07954575377354833   1.5794176783911051   0.4436102155215509   2.1025736476862043
4.9   0.07859628552725585   1.5799755824326833   0.44236942007478547   2.1009412880347247
4.925000000000001   0.06563194803954923   1.3265943273640932   0.3709111106526476   1.76313738605629
4.950000000000001   0.04416693748312618   0.8946631964184184   0.2500076065857578   1.1888377404873025
4.975000000000001   0.0234556449292265   0.47551575640519494   0.13285216024374885   0.6318235615781702
5.0   0.009749370908047176   0.19770887241416546   0.055232722515890446   0.2626909658381031
5.025   0.0031617661252907893   0.06412510132207251   0.017913729727951466   0.08520059717531477
5.050000000000001   0.0007991042489946667   0.016207637825452717   0.004527652962270331   0.021534395036717717
5.075000000000001   0.0001573301076432   0.0031910582674979926   0.0008914284067447142   0.004239816781885907
