0.0   1.285090729962577e-33   1.4813762636196053e-73   5.7071776305822605e-90   2.0929356295372993e-108   2.6721619778409537e-109   9.825666989984982e-110   5.837388998743881e-129   2.897467988426842e-129   2.6569174654117574e-150   1.981983072730619e-151   1.285090729962577e-33   0.0
0.025   4.575239910979617e-31   1.05932423593223e-69   1.1093776153043262e-85   1.1058809121130158e-103   1.4119368429987395e-104   5.191759086926899e-105   8.384276802838872e-124   4.161650636536799e-124   1.0373361627765802e-144   7.738225752661416e-146   4.575239910979617e-31   0.0
0.05   1.2685872225989055e-28   5.899549031033954e-66   1.679437270317987e-81   4.550794581105179e-99   5.810240925222487e-100   2.1364532889935593e-100   9.378620440887367e-119   4.6552067215195486e-119   3.154186380872612e-139   2.352931205621072e-140   1.2685872225989055e-28   0.0
0.07500000000000001   2.739385630038549e-26   2.558792686966032e-62   1.980042694165641e-77   1.4584531473592528e-94   1.862084524643241e-95   6.846973573485206e-96   8.170312948261362e-114   4.0554467465010045e-114   7.469328597975779e-134   5.571901663703523e-135   2.739385630038549e-26   0.0
0.1   4.606938276295903e-24   8.643263761103105e-59   1.818074611255495e-73   3.640190494669763e-90   4.647624367742763e-91   1.7089536379406534e-91   5.5432543036586e-109   2.751470203547561e-109   1.3775334671920675e-128   1.0275998594753019e-129   4.606938276295903e-24   0.0
0.125   6.03389841926796e-22   2.273771461544716e-55   1.3000954218951647e-69   7.075907062346157e-86   9.034186022681358e-87   3.321913271745809e-87   2.9289859845138267e-104   1.4538423138334434e-104   1.9785595745971293e-123   1.4759478366532066e-124   6.03389841926796e-22   0.0
0.15000000000000002   6.15474377626462e-20   4.658458552333215e-52   7.240442941195939e-66   1.0711899967938765e-81   1.3676451105708306e-82   5.028896275145636e-83   1.2053027953063379e-99   5.982685523464345e-100   2.2132092852118114e-118   1.6509896889176552e-119   6.15474377626462e-20   0.0
0.17500000000000002   4.889318718094323e-18   7.432998408821906e-49   3.1403743491017276e-62   1.2629241738892095e-77   1.6124423086576346e-78   5.929027243413417e-79   3.862792802457534e-95   1.9173501189409744e-95   1.9280674161143417e-113   1.4382821565102189e-114   4.889318718094323e-18   0.0
0.2   3.0249146091855037e-16   9.236601848447403e-46   1.0607769807280594e-58   1.1596165998108759e-73   1.4805440469150415e-74   5.444031046630566e-75   9.641243304828529e-91   4.7855631773703127e-91   1.3081222310331674e-108   9.758210982171206e-110   3.0249146091855037e-16   0.0
0.225   1.4574857822999386e-14   8.938955730646376e-43   2.790571354188533e-55   8.292356228035183e-70   1.0587291222218351e-70   3.892997458169059e-71   1.874092624831841e-86   9.302315451249825e-87   6.911953648236245e-104   5.156116179235479e-105   1.4574857822999386e-14   0.0
0.25   5.469178135515757e-13   6.7373285900378565e-40   5.7172680767063096e-52   4.6181481071319997e-66   5.896234745950862e-67   2.1680736268578015e-67   2.8371052009259644e-82   1.4082360283426712e-82   2.844328070292839e-99   2.1217859274899574e-100   5.469178135515757e-13   0.0
0.275   1.5983305907587865e-11   3.954713725836791e-37   9.122426235965954e-49   2.0030147290401274e-62   2.55735519261039e-63   9.403516967186555e-64   3.344923638981358e-78   1.660298666024526e-78   9.115593227312617e-95   6.799967145999223e-96   1.5983305907587865e-11   0.0
0.30000000000000004   3.637798826627081e-10   1.8078764722799843e-34   1.1335966241218856e-45   6.76591921989449e-59   8.638408095017766e-60   3.176383840840779e-60   3.071307887723564e-74   1.524485739976696e-74   2.2751842168819443e-90   1.6972211835361018e-91   3.637798826627081e-10   0.0
0.325   6.4482257982161685e-09   6.43648607599173e-32   1.0970668873353967e-42   1.7799010256456315e-55   2.2724940881733564e-56   8.356069105189296e-57   2.1962758290223724e-70   1.0901515916991845e-70   4.422568569405036e-86   3.2991073891686805e-87   6.4482257982161685e-09   0.0
0.35000000000000003   8.901775412791596e-08   1.7846591987498707e-29   8.268639344394893e-40   3.646626451012464e-52   4.655841494724693e-53   1.7119751147071674e-53   1.2231417444717006e-66   6.071231591175336e-67   6.695129217979061e-82   4.9943714671325775e-83   8.901775412791596e-08   0.0
0.375   9.571112028605803e-07   3.8537907958894826e-27   4.8535708288813665e-37   5.818527374118595e-49   7.428822653086753e-50   2.731613507044954e-50   5.305093888385679e-63   2.633256019172976e-63   7.893502144348821e-78   5.888322779434797e-79   9.571112028605803e-07   0.0
0.4   8.015618303813013e-06   6.481079596293459e-25   2.218784244912111e-34   7.230382376413069e-46   9.231412853254484e-47   3.3944345176341653e-47   1.7919906520095557e-59   8.894791063050914e-60   7.247811314785149e-74   5.406656219945249e-75   8.015618303813013e-06   0.0
0.42500000000000004   5.2300734426599076e-05   8.488539135290198e-23   7.899419079088902e-32   6.997385947663781e-43   8.933933948972656e-44   3.2850501062620084e-44   4.71416506138697e-56   2.3399404015166e-56   5.182871071834108e-70   3.866270919683422e-71   5.2300734426599076e-05   0.0
0.45   0.00026605146825202863   8.658545354145532e-21   2.1902899745579275e-29   5.2739592656521116e-40   6.73354365212973e-41   2.4759561035534265e-41   9.658289286650714e-53   4.7940241839391035e-53   2.8864252296563243e-66   2.153189182711373e-67   0.00026605146825202863   0.0
0.47500000000000003   0.0010570540464862068   6.878334627456868e-19   4.729709374840642e-27   3.095737252362435e-37   3.9524920225777114e-38   1.453350160454619e-38   1.5410687482382368e-49   7.649305823111961e-50   1.2519200586802555e-62   9.338959139747902e-64   0.0010570540464862077   0.0
0.5   0.0032961594178078594   4.2554750992219334e-17   7.954148146269807e-25   1.4151999186423927e-34   1.806860832566933e-35   6.643913424020957e-36   1.915006255305732e-46   9.505395860344839e-47   4.228820619234799e-59   3.154577059336559e-60   0.003296159417807902   0.0
0.525   0.008169470260372624   2.0504029273910636e-15   1.0417878188628831e-22   5.03846070869524e-32   6.432870149953154e-33   2.365397022523767e-33   1.8532958788302216e-43   9.199087953803803e-44   1.112470000427347e-55   8.298702306232993e-57   0.008169470260374675   0.0
0.55   0.01659835555172623   7.694082256351031e-14   1.0626524673506142e-20   1.3970255115835465e-29   1.7836566040357125e-30   6.558590363981423e-31   1.3968369109940936e-40   6.933391342506222e-41   2.2792068047966165e-52   1.7002219170037932e-53   0.01659835555180317   0.0
0.5750000000000001   0.02946822937969058   2.248542049361809e-12   8.441694204010052e-19   3.016735108229125e-27   3.851625802122238e-28   1.4162611666676713e-28   8.19922916170663e-38   4.0697997051710317e-38   3.6366837577519104e-49   2.7128602008111533e-50   0.02946822938193912   0.0
0.6000000000000001   0.05006203616749989   5.117668116024396e-11   5.222691357433443e-17   5.073368385003454e-25   6.477438673080961e-26   2.3817850648518482e-26   3.748234264347382e-35   1.8604874194097752e-35   4.51911840573114e-46   3.3711307560295694e-47   0.05006203621867663   0.0
0.625   0.08606232974675034   9.071331971274923e-10   2.516433737038404e-15   6.644801320078373e-23   8.483770596794132e-24   3.1195228351583448e-24   1.3344638322655046e-32   6.623794023009501e-33   4.373491467232002e-43   3.262497299889879e-44   0.08606233065388606   0.0
0.65   0.14701348769664957   1.2522768326810176e-08   9.442849132849474e-14   6.777881719217582e-21   8.653681672684034e-22   3.1819998408632723e-22   3.7000983552644155e-30   1.836594501900161e-30   3.296318942434908e-40   2.458957958456236e-41   0.14701350021951234   0.0
0.675   0.24459279470424533   1.3463773146601915e-07   2.7596059806296373e-12   5.384338593632156e-19   6.874471704177317e-20   2.5277756589457308e-20   7.9899876719832395e-28   3.9659398277237516e-28   1.9348911949636035e-37   1.4433724970418032e-38   0.24459292934473642   0.0
0.7000000000000001   0.4074162272498732   1.1274281884154673e-06   6.280840157935473e-11   3.331172718721558e-17   4.253086500719037e-18   1.5638795756739213e-18   1.3437093223197416e-25   6.669685288648368e-26   8.845252805494271e-35   6.598301064617058e-36   0.4074173547408701   0.0
0.7250000000000001   0.6850879771250378   7.353887042518673e-06   1.1133083972736949e-09   1.6050494090839162e-15   2.0492537486722147e-16   7.535195776070053e-17   1.7599119199635294e-23   8.735563917445119e-24   3.149128128829045e-32   2.3491578990949665e-33   0.6850953321253905   0.0
0.75   1.0898591599929726   3.737554828842871e-05   1.5368854965720087e-08   6.022908659838895e-14   7.689787462907368e-15   2.8275633948037033e-15   1.795158999442277e-21   8.910517686454772e-22   8.731659506915085e-30   6.513563785641787e-31   1.0898965509101868   0.0
0.775   1.5158112376737982   0.0001481395562234377   1.6523387780693971e-07   1.7601560387859427e-12   2.247300803197983e-13   8.263367714025213e-14   1.426071509338203e-19   7.078501485145668e-20   1.8855134398930168e-27   1.4065381390647773e-28   1.5159595424659673   0.0
0.8   1.7848002144482173   0.00045895134661449   1.3835572271110354e-06   4.0061221695662956e-11   5.114928903396601e-12   1.8807438505073575e-12   8.822793365064456e-18   4.379314690880593e-18   3.170946047430283e-25   2.3654334739495382e-26   1.7852605493991158   0.0
0.8250000000000001   1.8278878906609046   0.0011182475814417823   9.023183277920704e-06   7.101144273738218e-10   9.066890252190295e-11   3.333746557126817e-11   4.251061680478023e-16   2.1100731559823789e-16   4.1531197492044236e-23   3.0981065746730143e-24   1.8290151622597455   0.0
0.8500000000000001   1.7526141163299584   0.0021769793007756525   4.584085636004201e-05   9.803288171723877e-09   1.2518188938694216e-09   4.602276470175541e-10   1.5952009349851616e-14   7.918003049626822e-15   4.236297354699736e-21   3.16015493088452e-22   1.7548369480024526   0.0
0.875   1.6683654468280047   0.0035154570856648433   0.00018149064792885754   1.0540874924435629e-07   1.3463386082247645e-08   4.948443350443352e-09   4.66187484426559e-13   2.3139891718284846e-13   3.365307910207835e-19   2.5104226796969667e-20   1.6720625183828743   0.0
0.9   1.5346229213953115   0.005060759844595031   0.000560592628648305   8.828832012817313e-07   1.1284282249867195e-07   4.1444868317099406e-08   1.061046710054481e-11   5.266673797330967e-12   2.082042427707922e-17   1.553144646663967e-18   1.5402453110553238   0.0
0.925   1.2651254736027857   0.007085442072286253   0.0013549807237273075   5.76255538225999e-06   7.378708684110433e-07   2.704682536415848e-07   1.8807931105077615e-10   9.335685593450356e-11   1.00318441656086e-15   7.483484815064249e-17   1.2735726675747405   0.0
0.9500000000000001   0.8960662939566804   0.009942129585455945   0.0025832208196458852   2.933968126521523e-05   3.7754236901414435e-06   1.3765022569948353e-06   2.5965154668879823e-09   1.2888578072646576e-09   3.76442374332332e-14   2.808172080230437e-15   0.9086261398544081   0.0
0.9750000000000001   0.5562975635166506   0.01340925952365545   0.0039638017937034566   0.00011684712977223768   1.523534320276024e-05   5.475905779649025e-06   2.7919867332031775e-08   1.3859629841263714e-08   1.100127460217373e-12   8.206801896413128e-14   0.5738082249934434   0.0
1.0   0.32460601759054375   0.016934102714239428   0.005127350486592295   0.00036666678916134394   4.946743310632849e-05   1.7132819918328264e-05   2.3387705187842414e-07   1.1611587390449666e-07   2.50388835047349e-11   1.867933816838229e-12   0.34710108785339416   0.0
1.0250000000000001   0.18789385792321048   0.02074479405617099   0.006073477399634037   0.0009236193882626974   0.00013522730336236965   4.2835479336034175e-05   1.5269641794060743e-06   7.584222776251422e-07   4.438295477319094e-10   3.311349981621102e-11   0.2158160974133768   0.0
1.05   0.10427981777741119   0.025539973972493427   0.0071865682089609344   0.0019491725603247535   0.0003367830005056113   8.88773322891454e-05   7.780713090840081e-06   3.8688649904204e-06   6.127054962380765e-09   4.5725212887917464e-10   0.13939284901437352   0.0
1.075   0.05092690120361596   0.030308230616762074   0.008700900632742122   0.0037206317483614018   0.0008232568994395015   0.00016468508827562826   3.10544505925404e-05   1.5487426862603857e-05   6.587722269856992e-08   4.919850362319559e-09   0.09469121886372499   0.0
1.1   0.02047984013389582   0.03193498429668401   0.010579498250132883   0.006942058478117704   0.0019630098576801994   0.0002986259396430267   9.800842661630954e-05   4.926014372316457e-05   5.517009923126902e-07   4.128277395355199e-08   0.0723458785102595   0.0
1.125   0.006559309245299065   0.02844628878708623   0.013054406478736324   0.01267398863365695   0.004227547690780649   0.0005522493599865395   0.0002504613880673593   0.00012831366563492437   3.599629723557014e-06   2.707816462234712e-07   0.06589643566061797   0.0
1.1500000000000001   0.0016501267103679607   0.021568805012396015   0.01642858516052949   0.020985134113397974   0.0076892059197202125   0.0010205545562241925   0.0005459048139270726   0.0002912616415712087   1.8309243042676124e-05   1.3970111759946103e-06   0.07019928418235297   0.0
1.175   0.0003243260639211808   0.014781853010266808   0.019770479084041268   0.029257171308707957   0.011558504208172444   0.001880894667877231   0.0011029296283174132   0.000627854177407699   7.272425152299001e-05   5.760397022058142e-06   0.07938249679725728   0.0
1.2000000000000002   4.970298555342932e-05   0.009877929284942544   0.020783940174247183   0.03313037686574548   0.014738618581763086   0.003535405758373568   0.002202317146338111   0.001341924867328048   0.00022660032946904366   1.971187500021016e-05   0.08590652786876096   0.0
1.225   5.934680047944901e-06   0.006496565015319446   0.018030865762974448   0.03045262581153159   0.01710615752066038   0.006553261804431882   0.00424059497587737   0.002708994739086799   0.0005605004097925614   6.0124045446053756e-05   0.08621562476516871   0.0
1.25   5.519600755894124e-07   0.003913161021584751   0.012711702699014765   0.023520795388889196   0.01945924581806925   0.010961270401124035   0.0072671589270152295   0.004773062505602192   0.0011330563443295407   0.00017753300182913757   0.08391753806753387   0.0
1.2750000000000001   3.99824904622451e-08   0.0019991822597251394   0.007445646396456429   0.016422872194939216   0.021641698123136887   0.015376214285806203   0.010464845778682884   0.007038187404446814   0.0019883958792645427   0.0005163260833310405   0.08289340838827976   0.0
1.3   2.2556294651152717e-09   0.0008337704191449615   0.003857924626849648   0.011199227494075734   0.02177726039264624   0.01752672460707902   0.012558151042082416   0.008777096543753419   0.003300274263534227   0.0013808307185219917   0.08121126236331719   0.0
1.3250000000000002   9.9104984749611e-11   0.0002839804206104198   0.0019212309433095016   0.007478660332125216   0.018408085773881522   0.016319636790426504   0.01309764159547444   0.009837575948338199   0.005427291976676127   0.0031340729421991697   0.07590817682214611   0.0
1.35   3.3911803364003784e-12   8.214362627028363e-05   0.0009456866822483848   0.004532126711676887   0.012598277519733383   0.012961594317476786   0.012851733621240629   0.010719760098874693   0.008443050951956998   0.005766011180081291   0.0689003847129505   0.0
1.375   9.037183842985835e-14   2.1798054078409608e-05   0.0004324178477042012   0.002306182462240822   0.0069532223228366075   0.009507492803028483   0.012497983020231761   0.011538591764152518   0.011434451382108936   0.008473784725950787   0.06316592438242283   0.0
1.4000000000000001   1.875607238115833e-15   5.691784715571648e-06   0.00016894654348266475   0.0009430052388964606   0.0031804220616367717   0.006880320587658467   0.011581739979804044   0.011485472948267437   0.01278105468380558   0.010043962733826647   0.05707061656209543   0.0
1.425   3.0316364880438115e-17   1.442593807245892e-06   5.3497936518975406e-05   0.00030395684771897794   0.001286563440415087   0.0048099494180679336   0.009388579585343256   0.009862607957901668   0.011650648901628919   0.009983453690591343   0.04734070037199335   0.0
1.4500000000000002   3.816267015223384e-19   3.2705735793254724e-07   1.340073818497335e-05   7.664842734500928e-05   0.0005003772141141643   0.002989497339154482   0.006251859427615992   0.007162589909852653   0.008903332246609344   0.008970630577910546   0.03486866293814505   0.0
1.475   3.74133649138762e-21   6.167153780561907e-08   2.6296591859394807e-06   1.5078199841244566e-05   0.0001922807954845709   0.0015417779215106573   0.003320795094656146   0.004568912578669644   0.006114975878525343   0.00788241522514743   0.02363892702455876   0.0
1.5   2.856545649599874e-23   9.303631752610997e-09   4.0275776367179054e-07   2.3114835487730453e-06   6.857031477291685e-05   0.0006381751650070804   0.001396203993217988   0.002764545196093467   0.004103473356906476   0.00680534751881429   0.015779039089756416   0.0
1.5250000000000001   1.6985641294910504e-25   1.1043939197325699e-09   4.807999213257948e-08   2.760307292176776e-07   2.0878068955235956e-05   0.00021054423320294733   0.0004686569974258792   0.0016596362076014043   0.0027509193150726217   0.0053825921405344255   0.010493552177907789   0.0
1.55   7.86591244288818e-28   1.0249310245181959e-10   4.471363843696041e-09   2.5673604487124633e-08   5.1501243586053885e-06   5.622715617984122e-05   0.0001295168920998198   0.0009437185914960396   0.001757111342495104   0.0036674886019622266   0.006559242956053075   0.0
1.5750000000000002   2.8368909841703666e-30   7.418405278572137e-12   3.2388393559529917e-10   1.8597562853188348e-09   1.00479828072646e-06   1.2723537939120305e-05   3.143585488122903e-05   0.00046637977190098616   0.0010399789213204886   0.002139575106799583   0.0036911001821807628   0.0
1.6   7.968242926225468e-33   4.1838972955343246e-13   1.827185427612562e-11   1.0491957713287672e-10   1.5356493499867203e-07   2.6425690924208966e-06   7.2957204772170835e-06   0.00018847375519484477   0.0005912871274681543   0.0011261077430473093   0.0019159606038247673   0.0
1.625   1.743046062814809e-35   1.8380691919152244e-14   8.028023464125446e-13   4.609833296554266e-12   1.831761083109662e-08   5.40181714242754e-07   1.6749056947768535e-06   6.0478821973506864e-05   0.0003365653403995699   0.0005763577390659504   0.0009756353118898945   0.0
1.6500000000000001   2.9694877775759875e-38   6.289266350877985e-16   2.7470298785884197e-14   1.5773968015476666e-13   1.7030125996562098e-09   1.0702958653964783e-07   3.589640982648835e-07   1.5225435229566477e-05   0.00018498124321397465   0.0002909617459666479   0.0004916361212934323   0.0
1.675   3.9398582734465894e-41   1.6760071675263528e-17   7.320578144177227e-16   4.203618708093661e-15   1.2334474976305706e-10   1.893491130332239e-08   6.601060047067293e-08   2.9932845709895136e-06   8.992537684300329e-05   0.0001350603389471735   0.0002280640692226425   0.0
1.7000000000000002   4.071046250552796e-44   3.478422400226673e-19   1.5193368720040222e-17   8.724331240708489e-17   6.958197332788029e-12   2.7830083126941967e-09   9.859387309770532e-09   4.587653098342515e-07   3.6094837468257635e-05   5.313165708780828e-05   8.969790921982274e-05   0.0
1.725   3.2761053035622644e-47   5.622334567156025e-21   2.4557789441135574e-19   1.4101567451958099e-18   3.0571478642657796e-13   3.270774038118778e-10   1.1659512350894731e-09   5.477985088219126e-08   1.1552160594337959e-05   1.6870804950277907e-05   2.8479238729853407e-05   0.0
1.75   2.053222660670726e-50   7.077469356121511e-23   3.0913692873652377e-21   1.7751253402063633e-20   1.0460895759554841e-14   3.0241392536629176e-11   1.0805395373999676e-10   5.094914302444353e-09   2.9053953604923043e-06   4.230402122143667e-06   7.141030702745608e-06   0.0
1.7750000000000001   1.0021682145677732e-53   6.938504872507488e-25   3.030671743579055e-23   1.7402716375925834e-22   2.787725570708925e-16   2.1858411190297308e-12   7.816838327524279e-12   3.690635467359694e-10   5.709872816771208e-07   8.304653614990035e-07   1.4018317096810797e-06   0.0
1.8   3.8095315901354416e-57   5.297613299927803e-27   2.313946412725088e-25   1.328713788999232e-24   5.785733179646495e-18   1.2321630787248682e-13   4.407765963322207e-13   2.082091623709853e-11   8.750060848712991e-08   1.2721211642630036e-07   2.147341098283573e-07   0.0
1.8250000000000002   1.1277917512446671e-60   3.1500758961838705e-29   1.3759228281608222e-27   7.900820987491557e-27   9.35176273376542e-20   5.412123769985359e-15   1.93628282868209e-14   9.148035891948779e-13   1.0447683810264217e-08   1.5186999410304548e-08   2.5635622799203535e-08   0.0
1.85   2.6002351683882484e-64   1.4587745276947153e-31   6.371786794065486e-30   3.6588059910297674e-29   1.1772130117163505e-21   1.8517226129835574e-16   6.625149396995838e-16   3.130281180878587e-14   9.716910664813463e-10   1.4123946916381792e-09   2.3841179086197125e-09   0.0
1.875   4.668987609912818e-68   5.26116240844312e-34   2.2980251353058928e-32   1.3195714807626154e-31   1.1540989609158594e-23   4.934473324895707e-18   1.7654987779017402e-17   8.341912313725857e-16   7.038653559736828e-11   1.0230776407080587e-10   1.7269515644887817e-10   0.0
1.9000000000000001   6.529188312558504e-72   1.4777522401495315e-36   6.454679657993863e-35   3.7064047142769664e-34   8.811654118710066e-26   1.0241019737729148e-19   3.6641424242152186e-19   1.731308325107947e-17   3.970884120207293e-12   5.771689457423631e-12   9.742591359538703e-12   0.0
1.925   7.11085867272844e-76   3.232569897965286e-39   1.4119554421831854e-37   8.10772739275124e-37   5.239601025353194e-28   1.6552975779091802e-21   5.922514769391531e-21   2.7983990712039507e-19   1.744676235740511e-13   2.5358840290313104e-13   4.280563138949021e-13   0.0
1.9500000000000002   6.0313048370785896e-80   5.5070700680871686e-42   2.405435242047638e-40   1.381248488518556e-39   2.426416647531712e-30   2.0837079254537628e-23   7.455336640305076e-23   3.522664461873592e-21   5.969943104707351e-15   8.677293631534317e-15   1.4647240354296578e-14   0.0
1.975   3.9840693639393877e-84   7.306672797948407e-45   3.191484407228709e-43   1.832613464948354e-42   8.75102482441753e-33   2.042793850941364e-25   7.308951543622164e-25   3.4534986851898156e-23   1.5909349018383316e-16   2.312418039675135e-16   3.903353296215081e-16   0.0
2.0   2.04959891374103e-88   7.549967748231131e-48   3.2977533017615995e-46   1.8936351658836446e-45   2.4579827713482117e-35   1.559691925588932e-27   5.580452436232442e-27   2.636778775084247e-25   3.301879249341148e-18   4.7992687080620556e-18   8.101148228221224e-18   0.0
2.025   8.211779001530615e-93   6.075708272300958e-51   2.6538109411725017e-49   1.5238707271189933e-48   5.37681548020713e-38   9.274266265556154e-30   3.3182581095795224e-29   1.5678859696738663e-27   5.336990262385773e-20   7.757294295588627e-20   1.3094284719008681e-19   0.0
2.0500000000000003   2.562311956956284e-97   3.807808586216976e-54   1.6632141694666548e-52   9.550504696693326e-52   9.160049289979124e-41   4.2948371799237057e-32   1.5366583295237172e-31   7.26075250545496e-30   6.718279036801866e-22   9.764991899213483e-22   1.6483271010589018e-21   0.0
2.075   6.2266310499758694e-102   1.858573259177017e-57   8.118069250773496e-56   4.661555915704074e-55   1.2153374144953519e-43   1.548960123738462e-34   5.542055237857667e-34   2.6186362321196464e-32   6.586368931726007e-24   9.573261019801776e-24   1.6159629978423246e-23   0.0
