-5.0   0.19700332871673795   1.177148929733972   0.10235758226943026   1.47650984072014
-4.975   0.2197887082793008   1.2580292774076498   0.10935839782066363   1.5871763835076143
-4.95   0.23799256803732502   1.2772119708370142   0.11095708328672978   1.6261616221610689
-4.925   0.2583046591099322   1.2960707870458716   0.11245147496472338   1.6668269211205273
-4.9   0.2697043947716205   1.2716518216850243   0.11001589323617118   1.651372109692816
-4.875   0.263624912551587   1.1483001375141464   0.0986911913769751   1.5106162414427085
-4.85   0.25078539759840396   0.9655888740618231   0.08191117561528834   1.2982854472755154
-4.825   0.24503817038577402   0.8049147247920525   0.06700673317594356   1.1169596283537702
-4.8   0.2453499113492732   0.6862302241174709   0.05610111697348426   0.9876812524402284
-4.775   0.24697239963537787   0.5818357990108228   0.04692939772333388   0.8757375963695346
-4.75   0.2538546768950974   0.48584131712433987   0.03874774107795915   0.7784437350973964
-4.725   0.2638224328652452   0.41138025203934325   0.03244897954697477   0.7076516644515632
-4.7   0.25646015047694365   0.34905898532578294   0.02725959542550602   0.6327787312282326
-4.675   0.2143202282695412   0.2759107939848051   0.021320210043457712   0.5115512322978041
-4.65   0.1476815408539749   0.1926752845075378   0.014601971613810232   0.3549587969753229
-4.625   0.08506259882673733   0.12392089569364226   0.008957834207475847   0.21794132872785543
-4.6   0.04614536400604682   0.09009950811279017   0.005911365609487954   0.14215623772832495
-4.575   0.03225057318855227   0.09505114645867145   0.0056409967850925445   0.13294271643231628
-4.55   0.035030523179084595   0.13049733921538298   0.00743642054090453   0.1729642829353721
-4.525   0.0451115874796388   0.18001641827075818   0.010178328822967824   0.2353063345733648
-4.5   0.056035868063397234   0.2277945048976359   0.012900144686625146   0.2967305176476583
-4.475   0.06689525007963451   0.2742872012519843   0.01563605131842078   0.3568185026500396
-4.45   0.08045444513552089   0.33372456925104993   0.01926877763811398   0.43344779202468475
-4.425   0.09612639181445405   0.4092683433218494   0.024211356207718953   0.5296060913440225
-4.4   0.10848769702762857   0.48972856103138457   0.030350601355664367   0.6285668594146775
-4.375   0.11558785980910626   0.5801981959794532   0.038632199691210574   0.73441825547977
-4.35   0.12273092626951713   0.7032285323951452   0.050403551089234055   0.8763630097538964
-4.325   0.13358545729803864   0.8497767673044085   0.06396593745704232   1.0473281620594894
-4.3   0.1447432219422014   0.972006018110963   0.07492396994506467   1.1916732099982292
-4.275   0.15443305227627246   1.055152021597125   0.08211407122819617   1.2916991451015938
-4.25   0.16738686820900162   1.141593939210123   0.0891637197758437   1.3981445271949684
-4.225   0.18344627959259358   1.2398605995693912   0.09705837661358276   1.5203652557755676
-4.2   0.19127269840530933   1.2748388121182677   0.10019026950499751   1.5663017800285743
-4.175   0.18311813109774838   1.189658668997682   0.09432849540340273   1.467105295498833
-4.15   0.16706469645255556   1.0376422856503844   0.08368844579641169   1.2883954278993517
-4.125   0.15552960722114195   0.9121116899149811   0.0753440399454488   1.142985337081572
-4.1   0.15089192868893592   0.8427725056771743   0.07136287256350198   1.0650273069296123
-4.075   0.150918303558309   0.8163282621898783   0.0708172445832672   1.0380638103314546
-4.05   0.15754735952977056   0.8354906416864959   0.07421732934413919   1.0672553305604058
-4.025   0.17015714870494114   0.8950644699251602   0.08087651393592407   1.1460981325660253
-4.0   0.18002293131944386   0.9537905684292067   0.08664206331664799   1.2204555630652987
-3.9749999999999996   0.18198795256251143   0.9901520876010961   0.08936318171509643   1.261503221878704
-3.95   0.1829420051380498   1.0395725845192654   0.09243088534256778   1.314945474999883
-3.925   0.18972786950601978   1.128124203017103   0.09863971929379556   1.4164917918169184
-3.9   0.19890779404023448   1.2282358590008866   0.10574523117557191   1.532888884216693
-3.875   0.2075069698336725   1.3286343421414206   0.11245888244470598   1.648600194419799
-3.8499999999999996   0.22131545466745786   1.4707995629448607   0.12218863801716873   1.8143036556294874
-3.825   0.2415058347192594   1.6526168406939592   0.13523388672204897   2.0293565621352676
-3.8   0.25626503294019654   1.7834973383227894   0.14456042830965724   2.1843227995726435
-3.775   0.25830959492923805   1.8139097526704464   0.14604507821114326   2.218264425810828
-3.75   0.25742793367755656   1.8178490296832148   0.14546986763874473   2.220746830999516
-3.7249999999999996   0.262873702977188   1.8624699790957795   0.14834956542285527   2.2736932474958227
-3.7   0.26791734228670977   1.898923658641046   0.15107449957130187   2.317915500499058
-3.675   0.26539127617934877   1.8755969686392568   0.14968347133891274   2.2906717161575183
-3.65   0.26254648564039   1.8467336067381122   0.14836980630133442   2.2576498986798366
-3.625   0.26494427752041577   1.8609855814185898   0.15062886738527304   2.2765587263242786
-3.5999999999999996   0.26087975045028616   1.850505093990178   0.15068327191480052   2.2620681163552643
-3.575   0.2384186842687786   1.744158716826064   0.14282579476275703   2.1254031958575994
-3.55   0.2050529148224325   1.5934912103579906   0.13140889998862318   1.9299530251690462
-3.525   0.17521806610393692   1.4783170816567406   0.12288479848247444   1.7764199462431518
-3.5   0.1494478770223691   1.376717860021509   0.11528936650740043   1.6414551035512785
-3.4749999999999996   0.11960733641113468   1.2305063651049772   0.10387573607517388   1.4539894375912858
-3.45   0.08618921648085394   1.0623097171329656   0.09067865594555496   1.2391775895593746
-3.425   0.058865871707679034   0.9354953872763109   0.08088369245039671   1.0752449514343865
-3.4   0.04512880906173935   0.8597638548936165   0.07499150527126257   0.9798841692266184
-3.375   0.04601107805980043   0.8124752658125783   0.07096898916033713   0.9294553330327159
-3.3499999999999996   0.058797140025510855   0.8012060386709774   0.06966396436735513   0.9296671430638433
-3.325   0.07858042754922163   0.8437787485059118   0.07287117717526032   0.9952303532303939
-3.3   0.10122052477600897   0.9354688919232167   0.08029010086648436   1.11697951756571
-3.275   0.1287363711241619   1.0842555047448408   0.09253984086228739   1.30553171673129
-3.25   0.16592592652160174   1.3165154304527553   0.1118298054654997   1.5942711624398567
-3.2249999999999996   0.20752234617522802   1.596358335897732   0.13518844356943463   1.9390691256423946
-3.2   0.23824891114482685   1.8184069611021325   0.1537625189254125   2.2104183911723716
-3.175   0.25270857154049226   1.946961359570823   0.16452616271329595   2.3641960938246114
-3.15   0.2633107456877145   2.0701462389003393   0.17489176944669746   2.5083487540347513
-3.125   0.27919050979605875   2.2403742836487295   0.18928013317723463   2.7088449266220227
-3.0999999999999996   0.2921813791449492   2.3785447986680435   0.20104147548992762   2.87176765330292
-3.075   0.29547650297963646   2.4310061804987395   0.2056967448497561   2.932179428328132
-3.05   0.2983566888170493   2.480986088205621   0.21032071446933237   2.989663491492003
-3.025   0.3066334808906335   2.581673195188476   0.219462558363662   3.1077692344427716
-3.0   0.30605641467318334   2.624128106075045   0.22410231373363113   3.1542868344818595
-2.975   0.2832750296344812   2.5128547139478337   0.21650749743767592   3.012637241019991
-2.9499999999999997   0.24827549418276443   2.3361984741164994   0.20427084658392558   2.7887448148831897
-2.925   0.21918191227307587   2.221921973655235   0.197669798698127   2.6387736846264382
-2.9   0.19855243303172265   2.156678073626469   0.19478776844772266   2.550018275105914
-2.875   0.17975430521513355   2.082595654058568   0.19071383134679595   2.4530637906204977
-2.85   0.16361115226931136   2.0363722795498354   0.1892889822872321   2.3892724141063786
-2.8249999999999997   0.15374982587509353   2.051468396580399   0.19339881325208236   2.398617035707575
-2.8   0.14542278829374675   2.0437436804840727   0.19486592469261424   2.3840323934704335
-2.775   0.13207745553727637   1.932291399363889   0.18634268388386704   2.2507115387850325
-2.75   0.11603973368276257   1.7709481615165796   0.17328546919930832   2.0602733643986504
-2.725   0.10268488051398968   1.6370378463985955   0.16269407043427694   1.9024167973468622
-2.6999999999999997   0.09007422029990467   1.4853787853328912   0.14940541101991633   1.7248584166527123
-2.675   0.07281356470993189   1.230058966383601   0.1248481359810074   1.4277206670745404
-2.65   0.05171070812791949   0.8970750960947237   0.09205199587665262   1.0408378000992957
-2.625   0.032891525201657425   0.5955758470863061   0.06220952227957156   0.690676894567535
-2.5999999999999996   0.020081766975860154   0.3865414149155706   0.04135066733377713   0.4479738492252079
-2.5749999999999997   0.012288924279878887   0.2516791701724158   0.027535164300641582   0.29150325875293626
-2.55   0.007278608926919573   0.15724397126128983   0.017541193235440414   0.18206377342364982
-2.525   0.0040441613223443935   0.09254632702562611   0.010637757725419252   0.10722824607338975
-2.5   0.002405129765934514   0.05776395328183856   0.007128879282427305   0.06729796233020038
-2.4749999999999996   0.0021796517839133642   0.049254560958156696   0.006822312216107139   0.058256524958177194
-2.4499999999999997   0.0031633343850801265   0.0612291946848674   0.009256815726983341   0.07364934479693086
-2.425   0.005530439158063385   0.09211205422206191   0.014482735294733607   0.1121252286748589
-2.4   0.010313696597348423   0.1505336142102133   0.024032773204099078   0.1848800840116608
-2.375   0.01924254194739669   0.2548421662710957   0.040938097193911255   0.3150228054124037
-2.3499999999999996   0.03294131771008992   0.41152112007394775   0.06629890221918527   0.5107613400032229
-2.3249999999999997   0.04911880864287326   0.5886805875396179   0.09505574614877016   0.7328551423312613
-2.3   0.06475784307435009   0.7371137830274497   0.11943314423143196   0.9213047703332317
-2.275   0.08083893459915703   0.8521781808830697   0.13886705349386141   1.071884168976088
-2.25   0.10081242361132972   0.9758909191700758   0.1601148244624664   1.2368181672438718
-2.2249999999999996   0.12206676196914416   1.112223977709281   0.1833746823923771   1.4176654220708023
-2.1999999999999997   0.13478269390853878   1.1955782207990757   0.19738146425391317   1.5277423789615276
-2.175   0.13394253464308392   1.1865257055093836   0.19542254911711077   1.5158907892695783
-2.15   0.1262469980455621   1.1366317210294716   0.18607800757146273   1.4489567266464964
-2.125   0.11947555516234706   1.103048170846776   0.17897224187718036   1.4014959678863035
-2.0999999999999996   0.11186544493036778   1.063282361213756   0.17034023827588696   1.3454880444200108
-2.0749999999999997   0.09863990533731477   0.9772944548433032   0.15304113387874851   1.2289754940593665
-2.05   0.08269222167798113   0.8746038869546218   0.13136932421939004   1.088665432851993
-2.025   0.07223973222575195   0.81894254015246   0.11577488566422593   1.006957158042438
-2.0   0.0731150389217552   0.8400559362517735   0.11081498751530518   1.023985962688834
-1.9749999999999996   0.08809528385058507   0.9494739418351158   0.11652955620504811   1.1540987818907489
-1.9499999999999997   0.11718354875540489   1.1587433878202062   0.1333461111750633   1.4092730477506745
-1.9249999999999998   0.15325306120163948   1.4279684701309618   0.1575469017259989   1.7387684330586002
-1.9   0.1851602533660469   1.6703469790675638   0.18040102620908427   2.035908258642695
-1.875   0.21152198244712797   1.8698917892732057   0.19991300052355251   2.281326772243886
-1.8499999999999996   0.24194794820760593   2.1060544705577895   0.2239522246237228   2.5719546433891183
-1.8249999999999997   0.277477340910536   2.391883169647558   0.25361480650833373   2.922975317066428
-1.7999999999999998   0.3034831457436165   2.608195546270497   0.27621335775708733   3.187892049771201
-1.775   0.31252728813210573   2.693932452138391   0.28524582553392563   3.2917055658044223
-1.75   0.31768931816997853   2.758332856763533   0.2922370524834061   3.3682592274169174
-1.7249999999999996   0.32937597475073827   2.8830392618594645   0.3058817806752807   3.5182970172854833
-1.6999999999999997   0.33725087980186647   2.9724921612626494   0.31631281268024425   3.6260558537447602
-1.6749999999999998   0.33150012050411454   2.942763205208197   0.3150126922180019   3.589276017930313
-1.65   0.3226188257136945   2.8885111372966508   0.3120583118592318   3.523188274869577
-1.625   0.3216003116450028   2.9011189683329435   0.3164597501548146   3.539179030132761
-1.5999999999999996   0.3193598489799656   2.8893986992823444   0.31760745269094537   3.526366000953255
-1.5749999999999997   0.3050829124972786   2.7517966736353547   0.30457732883774946   3.361456914970383
-1.5499999999999998   0.2873610620129413   2.5691791807093423   0.28662631936540756   3.143166562087691
-1.525   0.2784381937556917   2.4597038781198997   0.2764542530406487   3.01459632491624
-1.5   0.2741098753304931   2.3900741667750482   0.2695615471495682   2.9337455892551096
-1.4749999999999996   0.266822237930797   2.2882369961687483   0.2575576267170667   2.812616860816612
-1.4499999999999997   0.26252823424420973   2.202095111528304   0.24617685064381062   2.7108001964163244
-1.4249999999999998   0.26755089199217447   2.1948312503716854   0.24322640169221055   2.70560854405607
-1.4   0.2741924165482535   2.2125903591251697   0.24311999379354243   2.7299027694669658
-1.375   0.2755594392479395   2.1965700871582423   0.23905343973938317   2.7111829661455653
-1.3499999999999996   0.2791757585960686   2.2008898538269945   0.23667097531303444   2.7167365877360976
-1.3249999999999997   0.2900067384597618   2.265869989473374   0.24074990177990727   2.796626629713043
-1.2999999999999998   0.29597806804553484   2.3005207958752223   0.2418958765165226   2.8383947404372796
-1.275   0.28686850960575244   2.2250279830006563   0.23123859635135682   2.7431350889577657
-1.25   0.2720036479831887   2.109173247299255   0.21572316341380807   2.5969000586962516
-1.2249999999999996   0.2627847042742821   2.0395553176246533   0.2048283271316135   2.5071683490305485
-1.1999999999999997   0.252903823191055   1.9674178677730854   0.1941064474942268   2.414428138458367
-1.1749999999999998   0.23220439911584986   1.8153565728639167   0.17530819219609672   2.2228691641758633
-1.15   0.20594252104995123   1.6240949943481535   0.1520054876583727   1.9820430030564775
-1.125   0.18416393261853092   1.4677706650012365   0.13239665093592295   1.7843312485556904
-1.0999999999999996   0.16367748506822105   1.3158107276026112   0.11521654088087918   1.5947047535517114
-1.0749999999999997   0.13535048955274295   1.0948968882370698   0.09401734537085457   1.3242647231606672
-1.0499999999999998   0.10093171293924727   0.821830882326178   0.06938596876443995   0.9921485640298652
-1.025   0.07075677041093022   0.5814575713256674   0.04805605723219388   0.7002703989687915
-1.0   0.05030705626653413   0.41762259248680766   0.03373048111735037   0.5016601298706922
-0.9749999999999996   0.03748891146003851   0.31300932714234964   0.02495570760109907   0.3754539462034872
-0.9500000000000002   0.029330769843767708   0.24456406850496154   0.01957552498585656   0.2934703633345858
-0.9249999999999998   0.025130165467277112   0.20835190368622863   0.016956771861722245   0.250438841015228
-0.8999999999999995   0.024932781966690572   0.2060561265194906   0.01706348174880915   0.24805239023499032
-0.875   0.028812388095744698   0.23874812428856335   0.019974928176565657   0.2875354405608737
-0.8499999999999996   0.036411986840177726   0.30317271128926265   0.02548054396599225   0.3650652420954326
-0.8250000000000002   0.044893006036682066   0.375007208746498   0.031597682519797984   0.45149789730297807
-0.7999999999999998   0.049177556159533   0.4113344619823499   0.034775289494693135   0.495287307636576
-0.7749999999999995   0.04672423331017719   0.3907776319406767   0.033286656586947495   0.4707885218378014
-0.75   0.04070277031816184   0.33999611137017594   0.029468713195680053   0.4101675948840178
-0.7249999999999996   0.03686336248111382   0.30735354513801816   0.027575470206836355   0.37179237782596836
-0.7000000000000002   0.039368590500026744   0.32788478210570765   0.030984229205188066   0.39823760181092244
-0.6749999999999998   0.05053579626627854   0.42101321661754615   0.041937426660044186   0.5134864395438689
-0.6499999999999995   0.07020211820925763   0.5853147371087757   0.060404623744115024   0.7159214790621483
-0.625   0.0924343598983584   0.7712732442451141   0.0810116277053237   0.9447192318487961
-0.5999999999999996   0.10759748003939534   0.8987113459903928   0.09514506933264723   1.1014538953624353
-0.5750000000000002   0.11212233059093037   0.9381657737080334   0.09973917736234829   1.1500272816613122
-0.5499999999999998   0.1119800465932021   0.9393345109897818   0.10017924350011741   1.1514938010831013
-0.5249999999999995   0.11237861251533221   0.9445279966520708   0.10096060584484048   1.1578672150122433
-0.5   0.10982942881909986   0.9227039261036482   0.09868527617512689   1.131218631097875
-0.47499999999999964   0.09961146851958878   0.8331138076772976   0.08895355375256993   1.0216788299494564
-0.4500000000000002   0.08479775692225787   0.7021376245842148   0.07463666194175281   0.8615720434482255
-0.4249999999999998   0.07150449916076485   0.5837829918176182   0.06166134985723444   0.7169488408356175
-0.39999999999999947   0.06012996016649643   0.4847373047419367   0.05092373282537792   0.5957909977338111
-0.375   0.04725510846016035   0.3776728547514772   0.039582409474972956   0.4645103726866105
-0.34999999999999964   0.03275715404952333   0.2599085523852231   0.027269070719777595   0.319934777154524
-0.3250000000000002   0.020127049367097055   0.1580697390585018   0.016669364760502403   0.19486615318610126
-0.2999999999999998   0.011665942489498366   0.09021924793900186   0.009604779149187379   0.11148996957768761
-0.27499999999999947   0.006730907027567745   0.051252688120340874   0.005520374200360114   0.06350396934826874
-0.25   0.0037931787217366808   0.028886277927028636   0.0031624364520304324   0.035841893100795746
-0.22499999999999964   0.0021230278557336692   0.017398629630242187   0.0020147053964112704   0.021536362882387125
-0.1999999999999993   0.0016981081717620163   0.01746599757606291   0.0022790210441336316   0.02144312679195856
-0.17499999999999982   0.002623662247507722   0.03140772776868699   0.0043477585255875155   0.03837914854178223
-0.14999999999999947   0.004845343515471893   0.05984862287173324   0.008372554887930008   0.07306652127513515
-0.125   0.008243709297552885   0.10225520837373393   0.014320198238076566   0.12481911590936338
-0.09999999999999964   0.013234396168328387   0.16422248493079067   0.022988338344443852   0.20044521944356292
-0.07499999999999929   0.021043991873742753   0.261108091565618   0.036527850116914555   0.3186799335562753
-0.04999999999999982   0.03196122433576184   0.39653161882860555   0.05544878721103754   0.4839416303754049
-0.024999999999999467   0.04256709896034607   0.5280913788214457   0.07382939688104834   0.6444878746628402
0.0   0.046593996473232646   0.5780386560653198   0.0808049568061088   0.7054376093446612
0.025000000000000355   0.04058635333729541   0.5035050413372931   0.0703833357786031   0.6144747304531917
0.05000000000000071   0.02775987680659836   0.34438177007513865   0.048139383314819956   0.42028103019655694
0.07500000000000018   0.014832269536407932   0.18400507208406797   0.025721013010515024   0.22455835463099091
0.10000000000000053   0.006178942588892685   0.07665424058615039   0.010715037316040048   0.09354822049108313
0.125   0.0020055231938311603   0.02487995871932789   0.003477818180987489   0.03036330009414654
0.15000000000000036   0.0005070304906783599   0.0062900778641675195   0.0008792515346184498   0.007676359889464329
0.1750000000000007   9.983695025158388e-05   0.0012385491421350165   0.00017312919822368636   0.0015115152906102867
0.20000000000000018   1.531030754304298e-05   0.00018993537059468362   2.6549901198359298e-05   0.00023179557933608588
0.22500000000000053   1.8285473626404346e-06   2.268444438806391e-05   3.1709193938642696e-06   2.7683911144568613e-05
0.25   1.700811502932206e-07   2.1099787126544473e-06   2.9494102189768596e-07   2.575000884845354e-06
0.27500000000000036   1.2321476545667902e-08   1.5285066059615733e-07   2.136711287910132e-08   1.8653925002092654e-07
0.3000000000000007   7.144017962787605e-10   8.72354864669729e-09   1.2434540461050318e-09   1.0681404489081082e-08
0.3250000000000002   3.7299374839654924e-10   2.1612794696241954e-09   7.282839584543562e-10   3.2625571764751007e-09
0.35000000000000053   4.728630999499831e-09   2.4619176254432938e-08   9.324685431169727e-09   3.86724926851025e-08
0.375   5.083088766377097e-08   2.6456480932577407e-07   1.0023938896910354e-07   4.156350859586486e-07
0.40000000000000036   4.2570446647593834e-07   2.2156889993669108e-06   8.394987330276704e-07   3.4808921988705193e-06
0.4250000000000007   2.7777655622502793e-06   1.4457286476475201e-05   5.477853277886093e-06   2.2712905316611576e-05
0.4500000000000002   1.4131834161875811e-05   7.354687895354789e-05   2.7869000091994243e-05   0.00011554771320741794
0.47500000000000053   5.616318260287887e-05   0.00029224601549701407   0.00011076340551227693   0.00045917260361216984
0.5   0.00017526172642105456   0.0009115911053346903   0.00034569231553492386   0.0014325451472906687
0.5250000000000004   0.00043522133745495803   0.002261235164138664   0.0008587433247327496   0.0035551998263263717
0.5500000000000007   0.0008883219725200095   0.00460313128506189   0.0017542282441945284   0.007245681501776427
0.5750000000000002   0.0015911908591241682   0.008200679580681304   0.0031475633967172944   0.012939433836522768
0.6000000000000005   0.0027329937290303946   0.0139713801974727   0.005419787145461835   0.02212416107196493
0.625   0.004707279391279127   0.023871287609946445   0.009357876743419159   0.037936443744644735
0.6500000000000004   0.007851884985793055   0.03958298036390874   0.015636469496448226   0.06307133484615002
0.6750000000000007   0.01221880835983285   0.061295701336799596   0.02436579244360774   0.0978803021402402
0.7000000000000002   0.018183891949100365   0.0907024822559561   0.036313831042021245   0.14520020524707772
0.7250000000000005   0.027108897662641362   0.13439270968984604   0.054217520534301886   0.21571912788678926
0.75   0.03967110098915399   0.19571528375102487   0.07941923453214637   0.31480561927232525
0.7750000000000004   0.05274327170821432   0.25927711888149974   0.10561170824556139   0.4176320988352754
0.8000000000000007   0.06036966659160766   0.2955021746461303   0.12079883472889646   0.4766706759666344
0.8250000000000002   0.05992708217537487   0.2909652633321865   0.11965188501277868   0.47054423052034
0.8500000000000005   0.0551290254647563   0.2635584923391098   0.1095381370902238   0.42822565489408987
0.875   0.0508921011430196   0.23735156664474547   0.10017398670840434   0.3884176544961694
0.9000000000000004   0.04810370980687365   0.21593997685473235   0.09297230506800873   0.35701599172961473
0.9250000000000007   0.0457993073790126   0.19231930149209311   0.08538722658341937   0.3235058354545251
0.9500000000000002   0.04521969586826154   0.17038517425120284   0.07950897694634157   0.29511384706580596
0.9750000000000005   0.04903226357531266   0.16307230859990998   0.08086979719694051   0.29297436937216315
1.0   0.059698948335235175   0.18100109028784037   0.09425613863291042   0.334956177255986
1.0250000000000004   0.0805118633729884   0.23276138619928077   0.12461657313289276   0.4378898227051619
1.0500000000000007   0.11307334883596705   0.32066363500698947   0.17388562716286216   0.6076226110058187
1.0750000000000002   0.1506712601121247   0.42485560531705874   0.23158952736508742   0.8071163927942708
1.1000000000000005   0.18136738559968973   0.5122626058046157   0.27976782079284834   0.9733978121971537
1.125   0.2028070142104725   0.5770956763600643   0.3153487100686172   1.095251400639154
1.1500000000000004   0.22480978491444853   0.6466654407242438   0.35341647332434284   1.2248916989630352
1.1750000000000007   0.25055357413637325   0.7277237280030906   0.3979107873318948   1.3761880894713587
1.2000000000000002   0.26786620383660453   0.7834580624860329   0.429079833850856   1.4804041001734936
1.2250000000000005   0.269195057965743   0.7924187497799727   0.4355865260914576   1.4972003338371733
1.25   0.2656306075760262   0.7879188615922696   0.43573219171332145   1.4892816608816173
1.2750000000000004   0.2685432104736889   0.8028748591699199   0.4471491592328885   1.518567228876497
1.3000000000000007   0.27276933986256746   0.8213604828469828   0.4608645008525681   1.5549943235621184
1.3250000000000002   0.2718224636358552   0.8249778886756876   0.4673642283984076   1.5641645807099505
1.3500000000000005   0.2731430462150717   0.8369859880804823   0.4800242804458688   1.5901533147414229
1.375   0.28264507788130794   0.8741519282316386   0.5070192218033605   1.663816227916307
1.4000000000000004   0.29044773746894637   0.9049020446352675   0.5287311630306281   1.7240809451348418
1.4250000000000007   0.28825031244991733   0.9043167710912512   0.5308047136878997   1.7233717972290683
1.4500000000000002   0.28499271401091775   0.9009261440382271   0.5308305294886057   1.7167493875377504
1.4750000000000005   0.28917814227408806   0.9193399486928513   0.5439760688203761   1.7524941597873154
1.5   0.291990438435537   0.9280324481969718   0.552549332209406   1.772572218841915
1.5250000000000004   0.2844725240057849   0.8961877935146662   0.539590332363211   1.720250649883662
1.5500000000000007   0.2753159200290128   0.8520399135588375   0.5220569091353932   1.6494127427232432
1.5750000000000002   0.2752242287133347   0.8329743147849439   0.5200586782050036   1.6282572217032822
1.6000000000000005   0.27965496284337593   0.8268185225941334   0.5234684853939056   1.629941970831415
1.625   0.28287210285737674   0.8124704102481372   0.5192398863178145   1.6145823994233284
1.6500000000000004   0.2922873186525136   0.809181863725402   0.5209520279385093   1.6224212103164248
1.6750000000000007   0.31271653880146383   0.8354857521427642   0.5406146108825791   1.688816901826807
1.7000000000000002   0.33388079066316123   0.8674085081818286   0.5619943739938388   1.7632836728388286
1.7250000000000005   0.3499207949653704   0.886056096198098   0.5723957568887367   1.808372648052205
1.75   0.37210475342266747   0.917277016199894   0.5888702202451838   1.8782519898677452
1.7750000000000004   0.40467870684018653   0.9757790522898647   0.6217876322132598   2.002245391343311
1.8000000000000007   0.4297875400113217   1.0231373892637157   0.6465474501574573   2.0994723794324948
1.8250000000000002   0.4362102853280972   1.0325066537331247   0.6446498480906115   2.1133667871518336
1.8500000000000005   0.43960372969031836   1.0388632990997646   0.6376182832721007   2.1160853120621836
1.875   0.45231102617044644   1.071122173733108   0.6455400684593601   2.1689732683629144
1.9000000000000004   0.4582127760824536   1.094062290630705   0.6483790208342058   2.200654087547364
1.9250000000000007   0.44182979060845096   1.0753342302942444   0.6248155488519599   2.141979569754655
1.9500000000000002   0.4172244096228557   1.0491309359658831   0.5934870631456112   2.05984240873435
1.9750000000000005   0.4025036675422437   1.0532979965418972   0.5786793787160277   2.0344810428001687
2.0   0.38959540624156647   1.0642469059847122   0.5693982586085973   2.0232405708348757
2.0250000000000004   0.36465375210428375   1.0545984432885316   0.548409520009938   1.9676617154027536
2.0500000000000007   0.3363800192441395   1.053490485644043   0.5290433375411828   1.9189138424293652
2.075   0.3199451965796333   1.0885143308911427   0.5285357230863881   1.9369952505571641
2.1000000000000005   0.31247507636168254   1.1300098718583655   0.5359418315137263   1.9784267797337745
2.125   0.306045396352132   1.1536952321053515   0.5388856122013542   1.9986262406588375
2.1500000000000004   0.3060658944556161   1.192932338134349   0.5507530472460872   2.049751279836052
2.1750000000000007   0.31634004256224524   1.2657529155163934   0.5794843381498365   2.161577296228475
2.2   0.32385725633096224   1.3195879698501385   0.6015111314042432   2.2449563575853437
2.2250000000000005   0.31822246135620963   1.3163843970704134   0.5993936650580624   2.2340005234846854
2.25   0.3095489597954857   1.3020049608994937   0.5934187592542343   2.2049726799492135
2.2750000000000004   0.3090510456352659   1.3220159957383169   0.6038000859715481   2.234867127345131
2.3000000000000007   0.3092084169952355   1.3431422012001302   0.6153696426640725   2.2677202608594382
2.325   0.30086952996609123   1.32990198083761   0.612467578652239   2.2432390894559404
2.3500000000000005   0.292248312558072   1.321104246017136   0.6130534761063751   2.226406034681583
2.375   0.2928653234188598   1.3545967836983297   0.6336785015116886   2.281140608628878
2.4000000000000004   0.29573529033810764   1.394023486986679   0.656792679022238   2.346551456347025
2.4250000000000007   0.2930417536727559   1.4064727004789317   0.6677395850439638   2.367254039195651
2.45   0.2924466034136787   1.4321748164817072   0.6861288410183642   2.4107502609137503
2.4750000000000005   0.3004237597003031   1.4984825991361947   0.7239941202194128   2.522900479055911
2.5   0.30640913850111534   1.5482160969951917   0.7528888854277961   2.6075141209241033
2.5250000000000004   0.30108163293535944   1.5363033354120368   0.7515902578378216   2.5889752261852177
2.5500000000000007   0.2938400953748674   1.5140223382024003   0.7457742279899633   2.5536366615672312
2.575   0.29509274642060673   1.5343151030670286   0.7605943248558257   2.590002174343461
2.6000000000000005   0.2980254285953656   1.5604256595781028   0.7767521541832436   2.635203242356712
2.625   0.29472631665401405   1.5525155016725052   0.7745055740448685   2.621747392371388
2.6500000000000004   0.29288609955106293   1.5527459974522473   0.7754981652577033   2.6211302622610138
2.6750000000000007   0.29892756882442983   1.594054929007162   0.7964478193999691   2.689430317231561
2.7   0.30164533890091105   1.6153497321920107   0.8066614954967473   2.723656566589669
2.7250000000000005   0.2905951015682009   1.561466778897566   0.7782790805365984   2.630340961002365
2.75   0.2748910291986705   1.482392661541616   0.7362452668882126   2.493528957628499
2.7750000000000004   0.26676975486104254   1.443321181981557   0.7134620582891068   2.4235529951317063
2.8000000000000007   0.26206342617865613   1.4202781752319653   0.69805384852701   2.380395449937631
2.825   0.25310282595541167   1.371385881264989   0.6683795040331862   2.292868211253587
2.8500000000000005   0.24521687368047865   1.326560212471078   0.638768317168298   2.2105454033198546
2.875   0.24383947184706894   1.3173983966792722   0.6263700922362394   2.1876079607625805
2.9000000000000004   0.23956312782096362   1.2955881626214971   0.6098870805123514   2.145038370954812
2.9250000000000007   0.22231705553503456   1.2085670177301113   0.5639867821840973   1.9948708554492431
2.95   0.1983419508603863   1.0903002857508768   0.5035130780260259   1.7921553146372888
2.9750000000000005   0.1786540344073801   0.9993060546557211   0.45607346415851135   1.6340335532216126
3.0   0.16151038175892515   0.9269232391119673   0.4186027870558033   1.5070364079266958
3.0250000000000004   0.13934558509150086   0.8370486175197388   0.3742818243095583   1.350676026920798
3.0500000000000007   0.11399159970800789   0.7432015473630518   0.328393795241828   1.1855869423128875
3.075000000000001   0.09351374390359742   0.6830467603001666   0.2982171103127764   1.0747776145165404
3.0999999999999996   0.08055250595963741   0.6603943617869058   0.28673178584031367   1.027678653586857
3.125   0.07266596893990451   0.6638598424949846   0.28953270708980844   1.0260585185246975
3.1500000000000004   0.06897389499394534   0.7011397145617763   0.3093905109358387   1.0795041204915603
3.1750000000000007   0.06943437371258353   0.7691232922842011   0.34373469500896925   1.1822923610057539
3.200000000000001   0.07168293042830844   0.8319261469426664   0.3762797811317086   1.2798888585026835
3.2249999999999996   0.07414302154570561   0.8722586257692537   0.4002318024732346   1.346633449788194
3.25   0.07862972708462228   0.9207906356498375   0.4298495572319062   1.4292699199663659
3.2750000000000004   0.08554575756159534   0.9923455668011442   0.47024415514260404   1.5481354795053435
3.3000000000000007   0.09081900808643467   1.044962880028481   0.5000392513114885   1.6358211394264042
3.325000000000001   0.0919433509179461   1.0498196715517518   0.5057486193580688   1.6475116418277667
3.3499999999999996   0.0922113211460618   1.044091052211287   0.505929276321079   1.6422316496784277
3.375   0.09427069040270449   1.0604048415022267   0.5159541233173768   1.6706296552223079
3.4000000000000004   0.09467423684520637   1.0637436733647527   0.5177496209770294   1.6761675311869884
3.4250000000000007   0.08996398465709997   1.0173420932043749   0.49272963092533445   1.6000357087868091
3.450000000000001   0.08306683054096543   0.9530045875550764   0.4566435881078772   1.4927150062039192
3.4749999999999996   0.07838362892405756   0.9162262602005227   0.43278270981595107   1.4273925989405314
3.5   0.07530031333842808   0.8966831562370494   0.41691088987917485   1.3888943594546523
3.5250000000000004   0.07157980598140276   0.8702693185228554   0.3964589632241515   1.3383080877284097
3.5500000000000007   0.06864703307907206   0.8563560247877273   0.3796212076499218   1.304624265516721
3.575000000000001   0.0686950711206765   0.8779503217259261   0.3789579745039677   1.3256033673505703
3.5999999999999996   0.07068714910452535   0.9164275148514964   0.3889145205779819   1.3760291845340036
3.625   0.07355604313318656   0.9574273905468006   0.40336759346697393   1.434351027146961
3.6500000000000004   0.07915113253495049   1.0274998856807354   0.43207298921673987   1.5387240074324258
3.6750000000000007   0.0879245982586976   1.1340929231045922   0.47685515428017133   1.6988726756434611
3.700000000000001   0.09640599398008927   1.229902661961212   0.5170896279852064   1.8433982839265075
3.7249999999999996   0.10322228279584345   1.291863512055591   0.5428006097641281   1.9378864046155626
3.75   0.112227150351567   1.3671833551475798   0.5738863018057148   2.0532968073048616
3.7750000000000004   0.12509923849547067   1.4808144276954127   0.6211755323478817   2.2270891985387653
3.8000000000000007   0.1374371823107046   1.5766219265778905   0.6615626947835804   2.3756218036721757
3.825000000000001   0.14746478033093038   1.619456089530801   0.6806042292753938   2.447525099137125
3.8499999999999996   0.16042621043230976   1.6655842578246087   0.7018087494328955   2.5278192176898138
3.875   0.17767696162421037   1.751240002383128   0.73978562315923   2.6687025871665684
3.9000000000000004   0.19089090526116043   1.8081725895223488   0.7652127366337587   2.764276231417268
3.9250000000000007   0.19530817716243387   1.781130241915732   0.7547963543863513   2.731234773464517
3.950000000000001   0.1983537863299092   1.7305561233058897   0.7344067783475017   2.6633166879833006
3.9749999999999996   0.20576731656556618   1.7221178335275742   0.731987580159041   2.6598727302521814
4.0   0.21056566951954744   1.713695296583361   0.7298114028643716   2.65407236896728
4.025   0.20629630581146416   1.6509621984422518   0.7051871325977865   2.5624456368515025
4.050000000000001   0.19924350154373802   1.5756235381351367   0.6760015285820328   2.4508685682609075
4.075000000000001   0.1956471343420302   1.5352377602695804   0.6618951749478689   2.3927800695594796
4.1   0.18823965916065757   1.4766519978577137   0.6393665669727363   2.304258223991108
4.125   0.1680170302904388   1.3328071872765779   0.5797725175286871   2.0805967350957038
4.15   0.13996625505030805   1.141888360143306   0.5001415088137077   1.7819961240073217
4.175000000000001   0.11583481282786441   0.99135271775194   0.4381566558371629   1.5453441864169672
4.200000000000001   0.09906280858785782   0.9075091610340814   0.40468077943269953   1.411252749054639
4.225   0.08617373017538196   0.8720707901717722   0.39190979594154973   1.350154316288704
4.25   0.07616214737728501   0.8818747111240118   0.39903342593422536   1.3570702844355222
4.275   0.06994357784176032   0.9189357162589014   0.4176158470696543   1.406495141170316
4.300000000000001   0.06524548995433754   0.9150798486986621   0.4158089157915113   1.396134254444511
4.325000000000001   0.059115309061006795   0.8186238053709695   0.3694407062187267   1.247179820650703
4.35   0.05293537018148732   0.6655683767339627   0.29497477379707726   1.0134785207125274
4.375   0.0507446890084776   0.5374046096487093   0.2301810262206638   0.8183303248778507
4.4   0.05544302030547167   0.48122942448998646   0.19651073170704808   0.7331831765025063
4.425000000000001   0.06915848763117646   0.5034682448382739   0.19525706372026114   0.7678837961897116
4.450000000000001   0.09243115820965378   0.5952905588484609   0.22133044135645377   0.9090521584145684
4.475   0.11934995582646916   0.7218727003773681   0.2623733681969183   1.1035960244007554
4.5   0.13935833060420919   0.8273594463726832   0.299826779237315   1.2665445562142075
4.525   0.14903995554478494   0.8943073267291209   0.32850152721278564   1.3718488094866914
4.550000000000001   0.15585779335709685   0.9616768448391099   0.3616467673509171   1.479181405547124
4.575000000000001   0.16482953154189686   1.047836787754645   0.4029321153440092   1.615598434640551
4.600000000000001   0.16997466805601938   1.1077317620596792   0.4330374593788533   1.710743889494552
4.625   0.16598388100417344   1.110489257274704   0.4406681434709177   1.717141281749795
4.65   0.15852024673609252   1.0971114126209125   0.442933873838865   1.69856553319587
4.675000000000001   0.1538752193197685   1.1052247776154436   0.45391425644321287   1.713014253378425
4.700000000000001   0.14764031593470983   1.1000243020327687   0.45848440974470656   1.706149027712185
4.725000000000001   0.13336397803393552   1.0420638917405196   0.441391127980443   1.6168189977548981
4.75   0.11458916140388807   0.9633194484880909   0.41696998025183746   1.4948785901438164
4.775   0.09924730702111081   0.9134230527238367   0.404794259219293   1.4174646189642406
4.800000000000001   0.08863817349430439   0.8861937294960174   0.40008067665298896   1.3749125796433108
4.825000000000001   0.07965848569676737   0.8573305813233632   0.3923872407539161   1.3293763077740466
4.850000000000001   0.07213548889463914   0.8384642782510368   0.3883544003811457   1.2989541675268217
4.875   0.06679717064173475   0.832761603331008   0.3894200174613387   1.2889787914340816
4.9   0.06022634573130183   0.7855040751172011   0.3694175111479587   1.2151479319964615
4.925000000000001   0.048181709369993816   0.642255195869327   0.302845027124751   0.9932819323640718
4.950000000000001   0.031863614389622014   0.4285693055076976   0.2023002820373318   0.6627332019346515
4.975000000000001   0.016809351990999585   0.22686975925834243   0.10713430281032289   0.35081341405966493
5.0   0.006969473368692685   0.09418602795015693   0.04448404270104948   0.1456395440198991
5.025   0.0022581541422149074   0.030531469555047337   0.014420815336751307   0.04721043903401355
5.050000000000001   0.0005705320052936435   0.007715262091127023   0.0036441962927194747   0.01192999038914014
5.075000000000001   0.00011231407774407998   0.001518913529170838   0.0007174430470878418   0.0023486706540027597
