0.0   8.213489871641798e-48   1.801169138295516e-88   5.3234038548229864e-107   2.6670364420749658e-108   1.3916922996398987e-128   2.022777933778869e-149   3.4188765612588346e-150   6.665649533948764e-153   4.280728455177505e-173   1.127032865433477e-173   8.213489871641798e-48   0.0
0.025   7.948813163262565e-45   3.501164415655605e-84   2.812819767332778e-102   1.4092285742455284e-103   1.998895990496974e-123   7.897500495560654e-144   1.3348266700913136e-144   2.6024592031835393e-147   4.543113804382207e-167   1.1961138443038538e-167   7.948813163262565e-45   0.0
0.05   5.991053965977323e-42   5.300256583553033e-80   1.1574994029280596e-97   5.799096167562514e-99   2.235957523412767e-118   2.4013612365885714e-138   4.0587538106818774e-139   7.91319310944149e-142   3.755051795980641e-161   9.886323857698885e-162   5.991053965977323e-42   0.0
0.07500000000000001   3.516661394041695e-39   6.248958809566275e-76   3.7095909674237775e-93   1.858512817198297e-94   1.9478848536889132e-113   5.686587281998e-133   9.611406001278303e-134   1.873898129548842e-136   2.417155706475297e-155   6.363902664213192e-156   3.516661394041695e-39   0.0
0.1   1.6076231646770502e-36   5.737792115255973e-72   9.258862928287522e-89   4.638709651823114e-90   1.3215676274114076e-108   1.0487507936367834e-127   1.7725868208716448e-128   3.455942999028997e-131   1.21176862149157e-149   3.1903520067249584e-150   1.6076231646770502e-36   0.0
0.125   5.723534917236049e-34   4.103064425765829e-68   1.7997644266006523e-84   9.016857341276629e-86   6.982997434774739e-104   1.5063270501485967e-122   2.5459770740737146e-123   4.963791641250452e-126   4.731089423571256e-144   1.2456041829096652e-144   5.723534917236049e-34   0.0
0.15000000000000002   1.5869776022984317e-31   2.2850633390818856e-64   2.7245830582190484e-80   1.3650217988152036e-81   2.873563196359244e-99   1.6849717626690206e-117   2.8479203621774636e-118   5.552478627038162e-121   1.4385633473507804e-138   3.787458579652175e-139   1.5869776022984317e-31   0.0
0.17500000000000002   3.4269174094597614e-29   9.910932734924938e-61   3.2122609605137576e-76   1.60934944572786e-77   9.20928689083659e-95   1.4678861029466406e-112   2.4810046165504935e-113   4.837117389212028e-116   3.4066161770041922e-133   8.968960380463722e-134   3.4269174094597614e-29   0.0
0.2   5.763188945143875e-27   3.3477821858275606e-57   2.9494970559198103e-72   1.4777041810953366e-73   2.298569457881232e-90   9.959062778825923e-108   1.6832696134382224e-108   3.2818047429572458e-111   6.282663471215322e-128   1.6541035687404815e-128   5.763188945143875e-27   0.0
0.225   7.54828794257869e-25   8.80696436438611e-54   2.1091695552837906e-68   1.0566983493766833e-69   4.468025473977554e-86   5.262243747111601e-103   8.894185321183901e-104   1.73406442668332e-106   9.023827196216453e-123   2.3757988689583093e-123   7.54828794257869e-25   0.0
0.25   7.69946308751372e-23   1.8043536545883165e-50   1.1746308433329571e-64   5.884925041552053e-66   6.763944397480799e-82   2.1654583297808774e-98   3.660033365224505e-99   7.1358234958219244e-102   1.0094019101183027e-117   2.6575596631426197e-118   7.69946308751372e-23   0.0
0.275   6.116441265230378e-21   2.8790119505924397e-47   5.094689095716093e-61   2.5524498703975676e-62   7.974634673576721e-78   6.93992985237669e-94   1.1729791546986972e-94   2.2869114505175783e-97   8.793542236004715e-113   2.3151693005819837e-113   6.116441265230378e-21   0.0
0.30000000000000004   3.784108453899089e-19   3.5775989233339143e-44   1.7209186918266296e-57   8.62183856442032e-59   7.322307178925262e-74   1.732154833224195e-89   2.9276686584760836e-90   5.7079607523888406e-93   5.96609226021208e-108   1.5707565022805197e-108   3.784108453899089e-19   0.0
0.325   1.8232858723988035e-17   3.462312105946673e-41   4.5271970372159525e-54   2.268135164640951e-55   5.236142665485189e-70   3.3670124229583826e-85   5.6908866080097174e-86   1.1095298407751897e-88   3.1524082524852236e-103   8.299680166625374e-104   1.8232858723988035e-17   0.0
0.35000000000000003   6.841832953441759e-16   2.6095592194347615e-38   9.275232851145437e-51   4.6469110173420845e-52   2.916093046935324e-66   5.097169867799195e-81   8.615179303057666e-82   1.679667717665944e-84   1.2972429703511251e-98   3.415389407076134e-99   6.841832953441759e-16   0.0
0.375   1.9994792148141976e-14   1.5317732429941443e-35   1.479948576326479e-47   7.414573256328703e-49   1.2647877869577925e-62   6.009521246212484e-77   1.0157225363181623e-77   1.9803143896888126e-80   4.1574456048921287e-94   1.0945748794923499e-94   1.9994792148141976e-14   0.0
0.4   4.550809410894623e-13   7.002420399694541e-33   1.8390553857081645e-44   9.213705866478266e-46   4.272286105937138e-59   5.5179406159943155e-73   9.326361299185227e-74   1.8183240820039613e-76   1.0376674766986573e-89   2.7319774236469752e-90   4.550809410894623e-13   0.0
0.42500000000000004   8.066578307863617e-12   2.493034346751934e-30   1.7797924982352102e-41   8.916797563337209e-43   1.1239044059896376e-55   3.945849795564549e-69   6.669231038674355e-70   1.3002738170921465e-72   2.017047909303178e-85   5.3104963529958384e-86   8.066578307863617e-12   0.0
0.45   1.113585162491011e-10   6.912493287762289e-28   1.3414371033949607e-38   6.720627886017261e-40   2.302633391541776e-52   2.1975079535060263e-65   3.714203279539512e-66   7.241436453077693e-69   3.053518827285306e-81   8.039323469369016e-82   1.113585162491011e-10   0.0
0.47500000000000003   1.197299806216174e-09   1.492682918246046e-25   7.87404036220854e-36   3.944910655926836e-37   3.674063028179782e-49   9.531181538456653e-62   1.6109496064185762e-62   3.140805261862894e-65   3.600073520054175e-77   9.478296083393118e-78   1.1972998062161741e-09   0.0
0.5   1.0026756237294481e-08   2.5103066868920167e-23   3.599575923691078e-33   1.8033950507422104e-34   4.5655676876162236e-46   3.219507246971071e-58   5.441575015063304e-59   1.060922537371622e-61   3.305586432428698e-73   8.702968636966858e-74   1.0026756237294506e-08   0.0
0.525   6.541613497798372e-08   3.287852931662866e-21   1.2815377968310442e-30   6.420531110608285e-32   4.41844393799554e-43   8.469513254174833e-55   1.4315076245604178e-55   2.7909542680680712e-58   2.3638071621887123e-69   6.223446283100554e-70   6.5416134977987e-08   0.0
0.55   3.3267301186424767e-07   3.3537011804588245e-19   3.5533491266038903e-28   1.7802353293798316e-29   3.330199809026194e-40   1.7352173303382697e-51   2.9328448567269362e-52   5.71805258333515e-55   1.3164426697902991e-65   3.465938495860835e-66   3.3267301186458304e-07   0.0
0.5750000000000001   1.320731285208765e-06   2.664174869818367e-17   7.67309756851747e-26   3.84423789996526e-27   1.9547787700594976e-37   2.768698596428225e-48   4.679623293515463e-49   9.123677988996019e-52   5.7097650321232955e-62   1.5032705093271274e-62   1.3207312852354068e-06   0.0
0.6000000000000001   4.110142726640822e-06   1.6482666820522406e-15   1.2904165982093898e-23   6.465014104459766e-25   8.93616780388105e-35   3.440518235979702e-45   5.815125308197667e-46   1.1337521732063814e-48   1.9286832199400243e-58   5.077849246086698e-59   4.110142728289089e-06   0.0
0.625   1.013846720962826e-05   7.941794351323398e-14   1.690112215291419e-21   8.467497525051497e-23   3.181496110510248e-32   3.329648793626906e-42   5.6277350210687294e-43   1.0972174244958757e-45   5.073760312157859e-55   1.335822788810134e-55   1.0138467289046206e-05   0.0
0.65   2.042366008149446e-05   2.9801370856605638e-12   1.7239613358332928e-19   8.637082415956857e-21   8.821406950915641e-30   2.509570322085858e-39   4.241647592535059e-40   8.269773961368827e-43   1.0395021011743363e-51   2.736807634443041e-52   2.0423663061631728e-05   0.0
0.675   3.629913415324152e-05   8.70924307967417e-11   1.3695121364616246e-17   6.861284693296758e-19   1.904893492511393e-27   1.4730812169913749e-36   2.489785340030583e-37   4.854236851748705e-40   1.6586210604204838e-48   4.366827903165715e-49   3.62992212456867e-05   0.0
0.7000000000000001   6.743407564202615e-05   1.9822182322899937e-09   8.472871853957102e-16   4.244926997168766e-17   3.203538289238953e-25   6.73411290567393e-34   1.1381922053986094e-34   2.2190887376455945e-37   2.0610824205706718e-45   5.4264306897166315e-46   6.743605786114817e-05   0.0
0.7250000000000001   0.00016191500759903566   3.513583444233991e-08   4.082458663760082e-14   2.04532098460526e-15   4.1958071785380303e-23   2.397510262200523e-31   4.052244937334203e-32   7.900503379615762e-35   1.9946647930687613e-42   5.251565944568499e-43   0.00016195014347634791   0.0
0.75   0.0005025312760056003   4.850418215038267e-07   1.5319317011036985e-12   7.67501666435113e-14   4.2798397624388086e-21   6.64763147597569e-29   1.1235752114348994e-29   2.1905907953782056e-32   1.5033872571718745e-39   3.958127374945839e-40   0.000503016319435786   0.0
0.775   0.0016322114782137537   5.2148835587851425e-06   4.476963770219401e-11   2.2429736488939506e-12   3.399898028517415e-19   1.4354886922638584e-26   2.426246878136277e-27   4.7303599902631586e-30   8.824664170260035e-37   2.323363102931125e-37   0.0016374264087851505   0.0
0.8   0.004697654736779332   4.3668067642734305e-05   1.0189541713992344e-09   5.1050154201711035e-11   2.1034427433966066e-17   2.4141207875178237e-24   4.080319867374805e-25   7.955246991259471e-28   4.034148571841666e-34   1.062113159541832e-34   0.004741323874426413   0.0
0.8250000000000001   0.011177221793472157   0.00028482924676550067   1.806148706631725e-08   9.049005354490901e-10   1.0134958851874546e-15   3.1618742617638634e-22   5.344164414931712e-23   1.0419334046693303e-25   1.436256376418044e-31   3.781384772516034e-32   0.011462070006626275   0.0
0.8500000000000001   0.02176150922536092   0.0014475545620274953   2.4933459857030477e-07   1.2492325719530515e-08   3.803119478608952e-14   3.225199436223152e-20   5.451195957739607e-21   1.0628055869202763e-23   3.982340866749098e-29   1.048473194775799e-29   0.023209325614350736   0.0
0.875   0.03585307264902794   0.0057367177116015525   2.680700686241818e-06   1.3432149921160237e-07   1.1114377869723772e-12   2.5620932742967948e-18   4.3304214443201604e-19   8.44301030466076e-22   8.599461784072945e-27   2.2640716794144245e-27   0.0415926053839264   0.0
0.9   0.05386191990179382   0.017766863112857745   2.2447533734860254e-05   1.1250320559297622e-06   2.5296415186844343e-11   1.5851110082147252e-16   2.6791370837661874e-17   5.223673305423425e-20   1.446207104863363e-24   3.807583119658693e-25   0.07165235560573897   0.0
0.925   0.07960946989581008   0.04324998386546013   0.00014641710571254755   7.3427228737850355e-06   4.483996980095998e-10   7.637492919374695e-15   1.290880806185947e-15   2.5171265167379525e-18   1.8941575116158713e-22   4.9869497716312897e-23   0.12301321403826526   0.0
0.9500000000000001   0.11584635355133281   0.08399913124101885   0.0007441306253197056   3.738042888130585e-05   6.190342521333828e-09   2.865948454497615e-13   4.8439972252528044e-14   9.447689267162827e-17   1.93209319490829e-20   5.086827122690304e-21   0.2006270020372304   0.0
0.9750000000000001   0.1556307161972068   0.134871829592606   0.0029491488323327188   0.0001488208894846715   6.656343145213389e-08   8.375532113712493e-12   1.4156256696009819e-12   2.762800322982224e-15   1.5348517480840231e-18   4.0409674414396683e-19   0.29360058208485573   0.0
1.0   0.18536722994053897   0.19186794966790052   0.009134718107583668   0.0004665934723825533   5.575786321829591e-07   1.90626419104403e-10   3.2219626240975197e-11   6.29912197601651e-14   9.495791754068323e-17   2.5000582587252314e-17   0.3868370489899472   0.0
1.0250000000000001   0.20113236980851174   0.26337253068639993   0.02224367949577963   0.001172734463617943   3.640298008636014e-06   3.3789431300218297e-09   5.711130211704684e-10   1.1218545788228089e-12   4.575329000657252e-15   1.2045958293873651e-15   0.48792495870350167   0.0
1.05   0.2127729139837745   0.35876268023504343   0.04323606150506491   0.0024624696166035513   1.8548094015113168e-05   4.664520893050142e-08   7.884215267663292e-09   1.5685924502012833e-11   1.7168798567783556e-13   4.520215576918021e-14   0.6172527279798282   0.0
1.075   0.22464965473271278   0.45873137871198794   0.06955368319605912   0.004658322371640243   7.40164110596963e-05   5.01493128874784e-07   8.477040960209087e-08   1.7446105301164887e-10   5.017460922723123e-12   1.3210030706727307e-12   0.7576676418677972   0.0
1.1   0.22396277227245284   0.5183163554059809   0.09931329468811655   0.008604543083539265   0.00023349012257587224   4.199175258371006e-06   7.099357110855501e-07   1.5932407278000225e-09   1.141970393672112e-10   3.0066042446743604e-11   0.8504353664211379   0.0
1.125   0.1989675628559643   0.5166358004790399   0.13700519383695128   0.01565914655654065   0.0005960050875544972   2.7386045207735072e-05   4.632229655011825e-06   1.2737792309128919e-08   2.024198430788878e-09   5.329406363557996e-10   0.8688957423858441   0.0
1.1500000000000001   0.1580838214899724   0.4817444240806803   0.18733550474183266   0.02627322682053747   0.0012958095450668495   0.00013913279559138876   2.356398526939589e-05   9.710891488977112e-08   2.7943477887067378e-08   7.357291818902906e-09   0.8548956158686348   0.0
1.175   0.11937256366882615   0.4458750967080433   0.23961237845250286   0.038380608696702526   0.0026070821158383464   0.0005508719993722364   9.362292228466337e-05   7.326392249982416e-07   3.004288961125585e-07   7.910632740868473e-08   0.8464933367380189   0.0
1.2000000000000002   0.08971539535516626   0.4012214981681418   0.26939739725860784   0.04894651179633363   0.005182023550282877   0.0017017546580143786   0.0002919421477043134   5.1753474070132204e-06   2.5156469098757744e-06   6.625309317827645e-07   0.8164648764595003   0.0
1.225   0.06445316624063428   0.3247384841707499   0.2649313824254188   0.05792103230073475   0.009948988523417064   0.004114572917797296   0.0007235704986992895   3.1449762982846015e-05   1.640738533133551e-05   4.3234661749035695e-06   0.7268833776919409   0.0
1.25   0.040582396496935576   0.22395075805765857   0.24104500376537982   0.06783972274500587   0.017041886808042073   0.007850961530755008   0.0014698517678435193   0.00015545957147979238   8.336922789797929e-05   2.2000848732788334e-05   0.6000414108197314   0.0
1.2750000000000001   0.020991009823970844   0.13191566845817243   0.2164367996360701   0.07761608292475343   0.024603961293582423   0.012071617208584991   0.0026058539140236866   0.0006090632055821473   0.00033022247710346397   8.749320840140504e-05   0.48726777215024514   0.0
1.3   0.00863825025130876   0.07031426753705391   0.1895891695592662   0.0805216388514825   0.02975735181131638   0.01567815959447589   0.004394999260462699   0.0018728367881119463   0.001021266170339555   0.00027350175547418673   0.40206144157929224   0.0
1.3250000000000002   0.002791041420267083   0.03655098453952815   0.14942432464625713   0.07188925962149362   0.031569453866024264   0.01864221994911972   0.00735776776024337   0.0045117302346264765   0.002476687190688364   0.0006822055229188084   0.3258956747511672   0.0
1.35   0.0007044405605677094   0.0186920252164973   0.09846756151452665   0.0556706841709194   0.03183741817113924   0.02184475366695176   0.011656366783819056   0.008553122964749436   0.004763158195477982   0.001407140588412137   0.25359667183306095   0.0
1.375   0.00013862236817418109   0.00874050930369199   0.05229471914172257   0.039837310675288604   0.03191239507349747   0.025043266003024332   0.01623473875056865   0.012950288204482048   0.00746874738781703   0.002572095714596006   0.1971926926228632   0.0
1.4000000000000001   2.1253339809322866e-05   0.003449728118449395   0.022214378648204233   0.028124549035062667   0.0303988556934481   0.026211277829211753   0.019305916167424216   0.016238300517950298   0.010122551653112285   0.004532688876319341   0.160619499878992   0.0
1.425   2.538125870188669e-06   0.0010968130238902859   0.0076830857824514145   0.019312196162534975   0.025529057664814232   0.023971619757988376   0.020240547365327356   0.018085419865065178   0.012920119547451779   0.007893995406930629   0.13673539270232477   0.0
1.4500000000000002   2.3607483058364373e-07   0.0002751646165366606   0.002276174439715352   0.011882098609746245   0.018286933595704304   0.019571700298425268   0.020157553428353504   0.0194564387434112   0.016361159511383845   0.012762388455164945   0.12102984777327219   0.0
1.475   1.7100999482928114e-08   5.4027155340691126e-05   0.000627469675659414   0.006086245970567382   0.011489846485977777   0.015281592688076915   0.01994546954259825   0.020679200586871463   0.01977167986834115   0.017752175125176392   0.11168772419960916   0.0
1.5   9.647681409548954e-10   8.276533439422505e-06   0.00017099406599362552   0.0024951452476392687   0.006813374663228413   0.011861887892240894   0.01874838934353498   0.02037924473068253   0.021119975909604866   0.020532365890144247   0.10212965524127658   0.0
1.5250000000000001   4.238888537483478e-11   9.881043478147664e-07   4.46978549842361e-05   0.0008050416037979773   0.004009297580079829   0.008702792037057018   0.015418057260579711   0.01729842731209734   0.019174228139935075   0.020071132992379354   0.08552466292764739   0.0
1.55   1.4504670338736978e-12   9.189479221977639e-08   1.0295422462552427e-05   0.00020308007925439543   0.002250048790138035   0.005535513213099382   0.010540667112380574   0.012285502374033478   0.015093913281505302   0.017681096485854378   0.06360020865497089   0.0
1.5750000000000002   3.8653628728103016e-14   6.656483880889397e-09   1.954418616368582e-06   3.995505915948213e-05   0.001104902695179918   0.002875196159204933   0.005964113611144333   0.007483336089256583   0.011046541792722596   0.015166127476474037   0.04368213395828084   0.0
1.6   8.022304062215279e-16   3.75525806490942e-10   2.9560877616748503e-07   6.125401072060489e-06   0.0004453433725100103   0.0011851051878172827   0.002913084748500758   0.0041984003835205475   0.00799494831840292   0.012790799543225786   0.02953410293935217   0.0
1.625   1.2966846446213546e-17   1.649933416962057e-11   3.51248082464929e-08   7.314911013051018e-07   0.0001427608302059867   0.0003831404577922186   0.001329844325778746   0.0023211843306478325   0.005590599229550968   0.009861967415199766   0.01963026322158443   0.0
1.6500000000000001   1.6322850572611612e-19   5.645746799551378e-13   3.260935445285678e-09   6.803640604908653e-08   3.5926218256235616e-05   9.672361985610954e-05   0.0006009154139717735   0.0012459857212409075   0.003472276427519449   0.0064175879419127065   0.011869486640663257   0.0
1.675   1.6002359557512674e-21   1.50453910048237e-14   2.3605666262018726e-10   4.928464371336102e-09   7.062022702566793e-06   1.9035183354789525e-05   0.00026004904230063147   0.0005981798817167035   0.001785724300651469   0.0033641189790422983   0.00603417457430454   0.0
1.7000000000000002   1.2217952276591059e-23   3.1225701692226363e-16   1.3313987188827646e-11   2.780433488704383e-10   1.0823040847445307e-06   2.918529115477015e-06   9.896104967272245e-05   0.00023881789443008441   0.0007332297773795469   0.0013914904192235107   0.0024665002652637354   0.0
1.725   7.265059984829044e-26   5.047163940530563e-18   5.849205177626284e-13   1.221634655039456e-11   1.2923237752208503e-07   3.4854175872464436e-07   3.1000204840058714e-05   7.627402711866664e-05   0.0002367107423408202   0.0004504510218839702   0.0007949137831210349   0.0
1.75   3.3643902377288646e-28   6.353441453579316e-20   2.0014183939361738e-14   4.180200691731543e-13   1.2019442947912209e-08   3.2418515361852106e-08   7.733186943093227e-06   1.9168011792903083e-05   5.972575836623595e-05   0.00011377095679639999   0.00020044235229497642   0.0
1.7750000000000001   1.2133885805674912e-30   6.228694719451034e-22   5.333531170700486e-16   1.1139854351005993e-14   8.706577948100389e-10   2.3483649045074497e-09   1.5151565341199142e-06   3.765923984480745e-06   1.1751710129903062e-05   2.2394071919584616e-05   3.943008160246088e-05   0.0
1.8   3.4081588007097725e-33   4.755667073268391e-24   1.1069338735194655e-17   2.3120027693051795e-16   4.911857605231861e-11   1.324851741642274e-10   2.3192811780945905e-07   5.770446659107348e-07   1.8016759935471334e-06   3.433748077294528e-06   6.044578458554344e-06   0.0
1.8250000000000002   7.455317105835337e-36   2.827823002467458e-26   1.7891888716613776e-19   3.737004281442381e-18   2.1581103126306216e-12   5.820984093993476e-12   2.768102946763357e-08   6.889713427696853e-08   2.151572303165367e-07   4.1008101681958067e-07   7.218243899790423e-07   0.0
1.85   1.270102580544067e-38   1.3095418505659004e-28   2.2522549678898546e-21   4.7041940790815657e-20   7.384635689902684e-14   1.9918301907818695e-13   2.5740923509043757e-09   6.407712385902135e-09   2.0011977448872908e-08   3.81427334962516e-08   6.713678871135632e-08   0.0
1.875   1.6851472492605145e-41   4.722945361783926e-31   2.2080325587483537e-23   4.611829573319174e-22   1.9679376048490994e-15   5.308046650050103e-15   1.864494500546556e-10   4.6415395790410063e-10   1.449642466128706e-09   2.7630305516564224e-09   4.863283701728624e-09   0.0
1.9000000000000001   1.7412586734335419e-44   1.3265781511651397e-33   1.6858535172087823e-25   3.5211753246294666e-24   4.084323319963396e-17   1.1016498588927838e-16   1.051840174082782e-11   2.618537656984043e-11   8.178280991221098e-11   1.558791062143183e-10   2.7436584544542043e-10   0.0
1.925   1.4012483336775504e-47   2.9018779231214976e-36   1.002445112681472e-27   2.0937673815766985e-26   6.601693266623645e-19   1.7806511072314673e-18   4.621405577329326e-13   1.1504987212754043e-12   3.5932790747050048e-12   6.848843302386366e-12   1.2054764096920168e-11   0.0
1.9500000000000002   8.781997418720378e-51   4.9436966747520075e-39   4.642241797534427e-30   9.696066588495282e-29   8.310305146739563e-21   2.2415089208976364e-20   1.581350775607768e-14   3.936782040796121e-14   1.229551627050199e-13   2.3435444682593956e-13   4.12490968420393e-13   0.0
1.975   4.286451168712341e-54   6.559200004955171e-42   1.6742538063652734e-32   3.496947631909272e-31   8.14713640305056e-23   2.1974980143378014e-22   4.2141499641039585e-16   1.0491160843262579e-15   3.2766432577792884e-15   6.2453336451536624e-15   1.0992508284890774e-14   0.0
2.0   1.6294042157210214e-57   6.777605876523079e-45   4.7026343640613994e-35   9.822206206722833e-34   6.220415380667761e-25   1.6778104363649885e-24   8.746183791913046e-18   2.17737036232809e-17   6.800455484124078e-17   1.296177583484042e-16   2.28142202904691e-16   0.0
2.025   4.8237653119664405e-61   5.4541631784484404e-48   1.0286970897475302e-37   2.1485988837890827e-36   3.698794184750528e-27   9.976625532863745e-27   1.4136886210786427e-19   3.519391046477756e-19   1.0991912159586963e-18   2.095075898388565e-18   3.687575094778322e-18   0.0
2.0500000000000003   1.1121666916238678e-64   3.418269681626734e-51   1.7525087256040265e-40   3.660395591644737e-39   1.7128815272531487e-29   4.620094206954049e-29   1.77957119537947e-21   4.430259343122058e-21   1.3836775201274153e-20   2.637311324531058e-20   4.6419719048416035e-20   0.0
2.075   1.9970087961575625e-68   1.668441172682196e-54   2.325194282152855e-43   4.8565412408033054e-42   6.177615371344611e-32   1.6662661450653668e-31   1.7446301572057627e-23   4.3432733717409256e-23   1.3565097024369754e-22   2.585529038562871e-22   4.550829096178545e-22   0.0
