-5.0   0.1016280164991587   1.3016881378628067   0.10530153842800133   1.5086176927899668
-4.975   0.10692504790128152   1.3203036858204775   0.10760764626601535   1.5348363799877744
-4.95   0.10629905080988342   1.2318591848800022   0.1017316694508576   1.4398899051407432
-4.925   0.10703019148193099   1.14683341034011   0.09624703079085846   1.3501106326128995
-4.9   0.10881300397635521   1.0780495378687542   0.09174808299576395   1.2786106248408735
-4.875   0.10981474587781821   0.9942658913958858   0.08563467556436931   1.1897153128380733
-4.85   0.11284435444688996   0.9116788365144148   0.07951617192928703   1.1040393628905918
-4.825   0.11928950211698208   0.8613458369124212   0.07600006880772903   1.0566354078371323
-4.8   0.12403851218772959   0.8253933498419975   0.07326071967962722   1.0226925817093542
-4.775   0.1234358042823461   0.7740731326939744   0.06859004513844336   0.9660989821147639
-4.75   0.12195210149182606   0.7232740018689108   0.06355522963848703   0.9087813329992239
-4.725   0.12459797234877269   0.7018981362578609   0.061014431212264415   0.887510539818898
-4.7   0.12971351500446895   0.7032350567247652   0.06062320040189243   0.8935717721311265
-4.675   0.13549716241773835   0.7138044695719927   0.06122247953718035   0.9105241115269114
-4.65   0.14529297455623594   0.7465860247825432   0.063834797884846   0.9557137972236251
-4.625   0.15888118813645355   0.8003637641836192   0.06832271379120555   1.0275676661112783
-4.6   0.1672063676461187   0.8297297860089631   0.07083271160747123   1.067768865262553
-4.575   0.1644535609933676   0.8030097807639472   0.06868294855089394   1.0361462903082088
-4.55   0.15734401545287172   0.7509501042896757   0.06445369853042893   0.9727478182729763
-4.525   0.15428768585692385   0.715001203489626   0.06152652160939799   0.9308154109559479
-4.5   0.15408050253996936   0.6881807500841706   0.05906239045463142   0.9013236430787714
-4.475   0.15342169652049753   0.6485674855744037   0.055000248080268314   0.8569894301751695
-4.45   0.15563293245487278   0.6086215108368443   0.05045854300235133   0.8147129862940684
-4.425   0.16245134532264308   0.5866232166267905   0.0473509181980409   0.7964254801474745
-4.4   0.1665644615740851   0.5654501042186812   0.044613985159828284   0.7766285509525946
-4.375   0.16219223860958795   0.5221663332451544   0.04035512904551586   0.7247137009002582
-4.35   0.15460628890359313   0.46971921167619424   0.035430967297305695   0.6597564678770931
-4.325   0.14990084082973118   0.43403906015241517   0.03198946279256889   0.6159293637747152
-4.3   0.14387243736726646   0.41616804516599587   0.030473948321685713   0.590514430854948
-4.275   0.13042499277460476   0.4070987808542388   0.030417907982208687   0.5679416816110522
-4.25   0.11350366684741639   0.4147751857916183   0.03225360197241721   0.560532454611452
-4.225   0.10229484374178606   0.4501757930576585   0.03631340798342164   0.5887840447828662
-4.2   0.1012550123673374   0.5124464087051486   0.04206418725922675   0.6557656083317127
-4.175   0.11132804794904164   0.6092040264303795   0.05002100508587002   0.7705530794652912
-4.15   0.13281213725970237   0.755456920202251   0.061601160391747824   0.9498702178537012
-4.125   0.15959500304346952   0.9249439235098886   0.07495268532836559   1.1594916118817238
-4.1   0.1789343725701603   1.0482355082919925   0.08460702376669159   1.3117769046288443
-4.075   0.18551759168401918   1.097996112236458   0.08834807285762449   1.3718617767781018
-4.05   0.1878762558030426   1.125681906538373   0.09030157031677682   1.4038597326581925
-4.025   0.19307474334067382   1.1698776722500959   0.0936625726675004   1.4566149882582702
-4.0   0.19512904400627662   1.1905237276926997   0.09538247227146959   1.4810352439704457
-3.9749999999999996   0.18766531201009698   1.1485356222152687   0.09244580545187352   1.4286467396772393
-3.95   0.17683700176018832   1.0832449846557044   0.08796062067018053   1.3480426070860734
-3.925   0.17102213256560506   1.0471590541361073   0.08589588507895936   1.3040770717806716
-3.9   0.16814126262280138   1.027552688477523   0.08496273740694761   1.280656688507272
-3.875   0.16367198685943035   0.9962053658705069   0.08286083505254603   1.2427381877824832
-3.8499999999999996   0.16100376958217583   0.974512719652245   0.08149391177179355   1.2170104010062142
-3.825   0.16323796227212653   0.9850442127589607   0.08276420970156848   1.2310463847326556
-3.8   0.16424550898720552   0.9965246898921376   0.08402584502817144   1.2447960439075145
-3.775   0.15837981252209948   0.9795759765353944   0.08285040342076368   1.2208061924782576
-3.75   0.15074401019344288   0.9642835872255532   0.08182216147299537   1.1968497588919913
-3.7249999999999996   0.14869249699068032   0.9868477251141407   0.08395816744044278   1.2194983895452638
-3.7   0.15172703293025153   1.0349376094259182   0.08811860254845155   1.2747832449046212
-3.675   0.15802177175637608   1.0976445179744059   0.09332974101757165   1.3489960307483537
-3.65   0.17097706624118436   1.2037207335111475   0.10206910039498986   1.4767669001473216
-3.625   0.1901632998712711   1.3521874758632095   0.1143361440991213   1.6566869198336018
-3.5999999999999996   0.2061501493596116   1.477548178715274   0.12460684555581958   1.8083051736307052
-3.575   0.2142302506197146   1.5493621268837987   0.13023896479432942   1.8938313422978428
-3.55   0.22243546829342728   1.6267863777319882   0.13620817982761865   1.9854300258530342
-3.525   0.23582568627272862   1.7434811078427928   0.1455173194413757   2.124824113556897
-3.5   0.24544044235576837   1.831617127009794   0.15271193465580643   2.229769504021369
-3.4749999999999996   0.24433108427727945   1.8427006571444937   0.1538273795407414   2.2408591209625146
-3.45   0.2408064884016202   1.8407820957423178   0.15410477736107187   2.23569336150501
-3.425   0.2427789509790121   1.8806365715195374   0.15783436150317343   2.281249884001723
-3.4   0.24287910339500723   1.9000319339322065   0.15947600336680673   2.30238704069402
-3.375   0.23293808530451846   1.836722246406442   0.15363443046378358   2.2232947621747443
-3.3499999999999996   0.2197353977111449   1.747345719782194   0.14517112256630646   2.1122522400596453
-3.325   0.21234773972134122   1.703347369031469   0.14051404706969578   2.056209155822506
-3.3   0.206544926376379   1.6696844948246172   0.13727355286042003   2.0135029740614163
-3.275   0.19532377776812912   1.5921726575803243   0.13116509297729895   1.9186615283257524
-3.25   0.18317085748179363   1.5096474543884086   0.1252170532071049   1.8180353650773071
-3.2249999999999996   0.17696567996182871   1.477368201490549   0.12361185360104206   1.7779457350534196
-3.2   0.17337336141806078   1.467365907444569   0.1237670552003496   1.7645063240629795
-3.175   0.1671177919307771   1.4397749887152735   0.12244822031038657   1.7293410009564372
-3.15   0.16192518732301078   1.428315239462807   0.12264672059885369   1.7128871473846714
-3.125   0.1624106677127327   1.4652343092754911   0.1269363091772825   1.7545812861655063
-3.0999999999999996   0.16450102396564836   1.5047914349457359   0.13114530532942312   1.8004377642408074
-3.075   0.1639948721527457   1.5081876961191125   0.13195104661219392   1.8041336148840523
-3.05   0.1653618223343666   1.5216300892504055   0.13355297922715376   1.820544890811926
-3.025   0.17251888924836042   1.5870092353049425   0.13970531401047767   1.8992334385637806
-3.0   0.18049392671318673   1.6633498500084694   0.14688161322167345   1.9907253899433295
-2.975   0.18557690423222753   1.7195011582606394   0.1524710150507639   2.057549077543631
-2.9499999999999997   0.1932053648285052   1.8052154845956245   0.16088630629763648   2.1593071557217662
-2.925   0.20577487611868422   1.938210608042692   0.17343908780623885   2.317424571967615
-2.9   0.21384814441412708   2.0265304778290454   0.18160574543418248   2.421984367677355
-2.875   0.21050783462308978   2.006219005688945   0.17954644765640954   2.3962732879684445
-2.85   0.20329150362058648   1.951317010696183   0.17401805453592098   2.3286265688526906
-2.8249999999999997   0.200685807899549   1.9432768023552118   0.17263169819303456   2.316594308447795
-2.8   0.19825352794094403   1.9415775291601163   0.17209276353924896   2.311923820640309
-2.775   0.18958205270267803   1.8904341203053538   0.167532236058179   2.247548409066211
-2.75   0.17937242813252172   1.8377801156298401   0.16312756128810624   2.1802801050504677
-2.725   0.1736004075728689   1.8322423296523904   0.16313317353540777   2.168975910760667
-2.6999999999999997   0.167126280889273   1.8098686946567286   0.16199134620168062   2.1389863217476823
-2.675   0.15287053942830975   1.7004012467572713   0.15373672051041112   2.007008506695992
-2.65   0.13450437012658775   1.5512762847988826   0.14265719559529563   1.828437850520766
-2.625   0.11947010412153243   1.4380189443626092   0.13499878461113488   1.6924878330952766
-2.5999999999999996   0.10688767441504758   1.3381274169818846   0.12809056630033136   1.5731056576972635
-2.5749999999999997   0.09166839763621973   1.1939969977553972   0.11675196641037505   1.4024173618019922
-2.55   0.07459236227364274   1.0256253333000467   0.1033320213302194   1.2035497169039089
-2.525   0.06033144627644512   0.8893619100391233   0.09298056860600558   1.0426739249215742
-2.5   0.04971346184395018   0.7834397928666551   0.08486155146876571   0.918014806179371
-2.4749999999999996   0.04017305091646103   0.6715401509624569   0.07540480769391868   0.7871180095728366
-2.4499999999999997   0.031114957906513967   0.5569254191691887   0.06560509610526069   0.6536454731809633
-2.425   0.02436299757654471   0.47295360315469415   0.059094186473841105   0.55641078720508
-2.4   0.021044354168614235   0.4319449697639529   0.0567691718473961   0.5097584957799632
-2.375   0.02096996650512808   0.4271522998446369   0.05793960225162291   0.5060618686013878
-2.3499999999999996   0.023747824096642826   0.4567875941286739   0.0630391462636481   0.5435745644889649
-2.3249999999999997   0.028564892782791222   0.5109186746167693   0.07111932907058027   0.6106028964701408
-2.3   0.03429926152764485   0.5618941026178019   0.07846458782072428   0.6746579519661711
-2.275   0.04130730913048667   0.5990403377432444   0.08363613177154847   0.7239837786452795
-2.25   0.05110635790245469   0.6452662726907742   0.08988788145300589   0.7862605120462347
-2.2249999999999996   0.06280904629406725   0.7123864095620447   0.09889349050376799   0.8740889463598799
-2.1999999999999997   0.07288108892055081   0.7762702907234843   0.10719092899060673   0.9563423086346419
-2.175   0.08055825703431098   0.8259590302621377   0.11304615919723929   1.019563446493688
-2.15   0.08949287220547865   0.8912928333842736   0.12053182976165296   1.101317535351405
-2.125   0.10116657373634788   0.9843390905717904   0.13156884913586955   1.2170745134440077
-2.0999999999999996   0.11193630537489772   1.066447404570901   0.14106455434959755   1.3194482642953962
-2.0749999999999997   0.12041526568923731   1.1177719941703372   0.14607739105248266   1.384264650912057
-2.05   0.13102073588988078   1.1782378659757131   0.15177966715580757   1.4610382690214014
-2.025   0.14489763827740662   1.266690775562925   0.16123783486597854   1.5728262487063103
-2.0   0.1550985280299027   1.3281070546016591   0.16811904809443698   1.6513246307259988
-1.9749999999999996   0.15750354410005626   1.323729545684667   0.16766912738750267   1.6489022171722258
-1.9499999999999997   0.15818831049969834   1.3020813017481634   0.1656584405738707   1.6259280528217324
-1.9249999999999998   0.16238818564973465   1.3129011256295282   0.16759581851687572   1.6428851297961387
-1.9   0.1652342565237014   1.3255531805362195   0.16861690955136466   1.6594043466112858
-1.875   0.16190741172646175   1.3042464927969242   0.1634666159869178   1.6296205205103038
-1.8499999999999996   0.15764581319394153   1.2870186643623853   0.1570786754119495   1.6017431529682764
-1.8249999999999997   0.15870969961525067   1.315325287102949   0.15573682140134687   1.6297718081195465
-1.7999999999999998   0.1627314719816854   1.3618280537157919   0.15692415815684174   1.681483683854319
-1.775   0.16685887837962352   1.4017555145831575   0.15713296746818578   1.7257473604309668
-1.75   0.17548627902893596   1.4749292427227276   0.16037086252417324   1.810786384275837
-1.7249999999999996   0.1906197663898099   1.6013477355422485   0.16972576012149818   1.9616932620535565
-1.6999999999999997   0.2051164999410898   1.722997335831154   0.180062437543047   2.1081762733152907
-1.6749999999999998   0.21522833136401706   1.8092285759117888   0.18822366424720607   2.212680571523012
-1.65   0.22826152681119047   1.921395070144448   0.20004653730841823   2.3497031342640566
-1.625   0.24731644694650476   2.085095898637896   0.21764169768298555   2.5500540432673864
-1.5999999999999996   0.2616598910351525   2.2101474579869222   0.23138943538046197   2.703196784402537
-1.5749999999999997   0.2642857073881172   2.2386547139506026   0.23534764738743297   2.7382880687261526
-1.5499999999999998   0.2647432550979497   2.2515881448546367   0.23803865564538396   2.7543700555979704
-1.525   0.2712186580405577   2.316247643165326   0.24622740057006987   2.8336937017759536
-1.5   0.275085444928871   2.357371259859762   0.2516323895155744   2.884089094304207
-1.4749999999999996   0.2677994843580579   2.302835240816887   0.24665062670536334   2.817285351880308
-1.4499999999999997   0.25771955123974577   2.225205389039423   0.2391990988734085   2.722124039152577
-1.4249999999999998   0.2548632314284675   2.2083381404330145   0.23816793150210477   2.7013693033635864
-1.4   0.25395692526628066   2.2027844842575997   0.23802899971314848   2.694770409237029
-1.375   0.24778363189104705   2.1441391408477077   0.2318031299348059   2.6237259026735607
-1.3499999999999996   0.24251543829329866   2.087237863940243   0.2255267822778875   2.555280084511429
-1.3249999999999997   0.2445326059586292   2.0913118978952414   0.2257139870582288   2.561558490912099
-1.2999999999999998   0.24621917378014757   2.0937591371490765   0.22561400542103938   2.5655923163502634
-1.275   0.23988117924654426   2.0274030899116173   0.2178767147819293   2.4851609839400908
-1.25   0.23234130803736577   1.9485561439400374   0.2085141433974597   2.389411595374863
-1.2249999999999996   0.23144601059478143   1.925959909842281   0.205014313895065   2.3624202343321272
-1.1999999999999997   0.23136956565836564   1.9141072491964894   0.20251395754282178   2.3479907723976767
-1.1749999999999998   0.22515621008745526   1.8545454421814311   0.19449413808008345   2.27419579034897
-1.15   0.21864865887445403   1.7935565690165811   0.18570147300654208   2.1979067008975774
-1.125   0.218158145778515   1.7834185122376724   0.18205234737116358   2.183629005387351
-1.0999999999999996   0.21693699260981605   1.7704823447880842   0.17840035407667224   2.1658196914745727
-1.0749999999999997   0.20746080826332605   1.6937414787074043   0.16820477667216832   2.0694070636428985
-1.0499999999999998   0.19533940965746271   1.5981372560663398   0.1556839449143018   1.9491606106381043
-1.025   0.18809032209118304   1.5437311616387401   0.14739948927038254   1.8792209730003058
-1.0   0.18117201984548667   1.4929926895275314   0.1405833750854845   1.8147480844585027
-0.9749999999999996   0.16753083612705763   1.3893612788338097   0.1299112333251209   1.686803348285988
-0.9500000000000002   0.1510887109398163   1.2657208254773857   0.11800420824044794   1.53481374465765
-0.9249999999999998   0.13933728353757385   1.1813155986832893   0.1100341457008686   1.4306870279217319
-0.8999999999999995   0.13117239940095748   1.1233311116132632   0.10467785467599205   1.3591813656902128
-0.875   0.1221356207225984   1.0543458076556191   0.09844234669241561   1.274923775070633
-0.8499999999999996   0.11403345052559147   0.9919893241405678   0.09297756230565475   1.199000336971814
-0.8250000000000002   0.1103528076172675   0.966079842927479   0.09106194017578209   1.1674945907205285
-0.7999999999999998   0.1087890109413252   0.9544563147078625   0.09070905504113234   1.15395438069032
-0.7749999999999995   0.1061531217814477   0.9282144441747696   0.08942249932573275   1.12379006528195
-0.75   0.1045824748271381   0.9073605137532964   0.08914222594005528   1.1010852145204897
-0.7249999999999996   0.1058789056756877   0.9110879706811593   0.09126648271571539   1.1082333590725626
-0.7000000000000002   0.10560059830848882   0.904178684311372   0.09183962031725508   1.101618902937116
-0.6749999999999998   0.09955668303882155   0.8512217932117158   0.08734091545127248   1.03811939170181
-0.6499999999999995   0.09093292145157682   0.7783372862872536   0.0806783224489523   0.9499485301877828
-0.625   0.0849649856131099   0.7288705071367857   0.07633086455043127   0.8901663573003269
-0.5999999999999996   0.08158785931308658   0.7013374912241699   0.07404172341109895   0.8569670739483554
-0.5750000000000002   0.07872632068055196   0.6778646173699531   0.0719862074857119   0.828577145536217
-0.5499999999999998   0.07769501571914975   0.6701103173992213   0.07152008189353738   0.8193254150119085
-0.5249999999999995   0.07996139156675645   0.6910321292971323   0.07403944091429027   0.845032961778179
-0.5   0.08325973884058165   0.72157653826491   0.0774634605292605   0.8822997376347521
-0.47499999999999964   0.08584133441286698   0.747349563755863   0.08024595717547445   0.9134368553442045
-0.4500000000000002   0.08969650242260434   0.7855877688391393   0.08428130796324411   0.9595655792249876
-0.4249999999999998   0.09449228590362299   0.8318724671668413   0.08915738496208545   1.0155221380325496
-0.39999999999999947   0.09333525792653913   0.8241728113215369   0.08826286628751986   1.0057709355355957
-0.375   0.08045166551414133   0.7114195270589745   0.07612627204536931   0.8679974646184851
-0.34999999999999964   0.059515010437054205   0.5266544504265959   0.0562764627309947   0.6424459235946448
-0.3250000000000002   0.03953646780514983   0.3500510299426849   0.037308159390062386   0.4268956571378971
-0.2999999999999998   0.025437929242026126   0.225347711997233   0.023930218068805447   0.2747158593080646
-0.27499999999999947   0.016244430436304687   0.1439859544030068   0.015240702264671991   0.1754710871039835
-0.25   0.009741825358245457   0.08648343124767069   0.009143868094649015   0.10536912470056516
-0.22499999999999964   0.005314429354728485   0.04766537100264915   0.0050747752975351225   0.05805457565491276
-0.1999999999999993   0.0031986755616085546   0.030140483518043538   0.0033340460032108337   0.036673205082862925
-0.17499999999999982   0.003359794494676809   0.034256754591105915   0.004011303696821101   0.04162785278260383
-0.14999999999999947   0.005409486677196354   0.05702607724845248   0.006831986418836455   0.06926755034448528
-0.125   0.009054846768550008   0.09615218489731323   0.011585449595189227   0.11679248126105246
-0.09999999999999964   0.014826470422319202   0.15763208239981702   0.019031997059149847   0.19149054988128608
-0.07499999999999929   0.024216398640531617   0.257445496280031   0.031118607817063902   0.3127805027376265
-0.04999999999999982   0.03747527905679582   0.39831699290501044   0.048176339237730084   0.4839686111995363
-0.024999999999999467   0.05037480138222536   0.5353574622064832   0.06476966444275603   0.6505019280314646
0.0   0.05535242647357408   0.5882256904596699   0.07117398282579616   0.7147520997590401
0.025000000000000355   0.048286893983009505   0.5131301440262498   0.06209028845147235   0.6235073264607317
0.05000000000000071   0.03304511684280969   0.3511576532259788   0.042491818930005865   0.42669458899879437
0.07500000000000018   0.017659825961829242   0.18766358132512118   0.022708360760874808   0.22803176804782524
0.10000000000000053   0.007357424409897375   0.0781841866710282   0.009460752176573833   0.0950023632574994
0.125   0.0023880940632899582   0.02537723905767357   0.0030707995434010186   0.030836132664364545
0.15000000000000036   0.0006037571213405447   0.006415863932536726   0.0007763586054587545   0.007795979659336026
0.1750000000000007   0.0001188833768632064   0.0012633217927154883   0.00015286964677565382   0.0015350748163543485
0.20000000000000018   1.823116172018611e-05   0.0001937345999162571   2.3443069870817376e-05   0.00023540883150726058
0.22500000000000053   2.177393209193664e-06   2.3138207298938673e-05   2.7998644470558673e-06   2.8115464955188203e-05
0.25   2.0252882459906797e-07   2.1521854184563366e-06   2.604275859300347e-07   2.6151418289854393e-06
0.27500000000000036   1.467113104998605e-08   1.559037058022711e-07   1.8865301044117897e-08   1.8944013789637505e-07
0.3000000000000007   8.276884257477069e-10   8.795483537381264e-09   1.0643072675868425e-09   1.0687479230715812e-08
0.3250000000000002   3.6366646116667365e-11   3.8644868684813245e-10   4.676334693142806e-11   4.695786798962279e-10
0.35000000000000053   1.2653110447790975e-12   1.3303786615076023e-11   1.6358966482449473e-12   1.6204994308100066e-11
0.375   6.448837010037944e-13   2.699494065014268e-12   1.0881580549490472e-12   4.43253582096711e-12
0.40000000000000036   1.3923445223453492e-11   5.3427157969364504e-11   2.3796768886918436e-11   9.114737207973644e-11
0.4250000000000007   2.467880194068142e-10   9.46893583708739e-10   4.2179422949893614e-10   1.6154758326144893e-09
0.4500000000000002   3.4068497465905187e-09   1.307161378985868e-08   5.822767623645688e-09   2.2301231160094885e-08
0.47500000000000053   3.6628441910643845e-08   1.4053755469195094e-07   6.26029335869375e-08   2.3976893018953227e-07
0.5   3.0671703739144826e-07   1.1768081050956327e-06   5.242198857789135e-07   2.0077450282659943e-06
0.5250000000000004   2.000593127240706e-06   7.675553130886373e-06   3.4192637357233016e-06   1.3095409993850382e-05
0.5500000000000007   1.0167398982763373e-05   3.900452917675478e-05   1.737716424962293e-05   6.654909240914108e-05
0.5750000000000002   4.029400996400662e-05   0.00015453314462873885   6.886468255548769e-05   0.00026369183714823315
0.6000000000000005   0.0001247941205147916   0.0004782339160908404   0.0002132628262907423   0.0008162908628963743
0.625   0.0003038026691233708   0.001161832571405556   0.0005190620484613553   0.001984697288990282
0.6500000000000004   0.0005901679928639271   0.0022449643411386346   0.0010077727662418726   0.003842905100244434
0.6750000000000007   0.0009486388108813143   0.0035625474714708148   0.0016177696280891534   0.006128955910441282
0.7000000000000002   0.0013570762732950884   0.0049656912872632665   0.0023083460548906512   0.008631113615449007
0.7250000000000005   0.0019074357441445082   0.006718619464459794   0.003233189385881999   0.011859244594486302
0.75   0.0028049687720936435   0.009533385637549206   0.004742373564063439   0.01708072797370629
0.7750000000000004   0.004340733984969586   0.014439219235336155   0.007337875852230095   0.026117829072535837
0.8000000000000007   0.007090009926609647   0.023373560204452914   0.012008660311459774   0.04247223044252234
0.8250000000000002   0.011995924560988785   0.03946704627979227   0.020368557760668732   0.07183152860144978
0.8500000000000005   0.019532081977869507   0.06441582986769548   0.033239147904737365   0.11718705975030236
0.875   0.028698262912821806   0.0954161188136154   0.0489721430877558   0.173086524814193
0.9000000000000004   0.03820145536121325   0.12923245143294496   0.06549127144469903   0.23292517823885722
0.9250000000000007   0.04904880547427478   0.17034165409320914   0.08466249314213636   0.3040529527096203
0.9500000000000002   0.06354384442307802   0.22629736935988143   0.11041849161644894   0.4002597053994084
0.9750000000000005   0.08062516942654187   0.29124068380541657   0.14068605065753148   0.5125519038894899
1.0   0.09610395551174736   0.3479951843902302   0.1679705486258885   0.612069688527866
1.0250000000000004   0.10970795850979113   0.3945772154599453   0.19174973859891226   0.6960349125686487
1.0500000000000007   0.12620955187896016   0.4487718149795464   0.2204066511125926   0.7953880179710991
1.0750000000000002   0.14581207772807964   0.5130878845605382   0.2543292632168971   0.9132292255055149
1.1000000000000005   0.16088569717667228   0.561460024219257   0.28010713521534164   1.002452856611271
1.125   0.16791634616649623   0.5807943442913044   0.29142121002150245   1.040131900479303
1.1500000000000004   0.17388396493737232   0.5947698956944223   0.30040630134712865   1.0690601619789233
1.1750000000000007   0.1835128525158501   0.6204693394410906   0.3155969714596509   1.1195791634165917
1.2000000000000002   0.19025734837620878   0.635788900549331   0.3259629512807715   1.1520092002063114
1.2250000000000005   0.18879336952034861   0.621070979907491   0.32220162888536535   1.132065978313205
1.25   0.18581423241653228   0.5980216831561231   0.31564066064647434   1.0994765762191299
1.2750000000000004   0.18862452283122288   0.5939127450648136   0.31909847521230006   1.1016357431083366
1.3000000000000007   0.19396442312680684   0.6022566934533927   0.3275934520692238   1.1238145686494234
1.3250000000000002   0.19818413050293035   0.6119214934548833   0.335161565457749   1.1452671894155628
1.3500000000000005   0.2065536609225116   0.6372498543988405   0.35047682771574423   1.1942803430370963
1.375   0.22140284604595187   0.6834040889935908   0.37692464100723655   1.2817315760467793
1.4000000000000004   0.23336143770768072   0.7201071805485645   0.39814623297004137   1.3516148512262864
1.4250000000000007   0.23633154723866662   0.7278726540538298   0.4037301586620844   1.3679343599545808
1.4500000000000002   0.23871535349836487   0.732586518630827   0.4081265487894655   1.3794284209186576
1.4750000000000005   0.247823527150833   0.7571450710386772   0.4237306629445054   1.4286992611340157
1.5   0.25684872185510543   0.7804993742923739   0.4385724309829462   1.4759205271304257
1.5250000000000004   0.25995632304296046   0.7836962668239364   0.4423261642622132   1.48597875412911
1.5500000000000007   0.2652963647306651   0.7912599560204769   0.4489707789907915   1.5055270997419337
1.5750000000000002   0.27918881555046715   0.8245235955097299   0.47000939095608196   1.573721802016279
1.6000000000000005   0.2931021421787721   0.8606714881298998   0.49174661126432506   1.645520241572997
1.625   0.3008914706916554   0.8818449951264541   0.5038354851665511   1.6865719509846606
1.6500000000000004   0.3119962008810005   0.9144618855713167   0.5217451299830462   1.7482032164353634
1.6750000000000007   0.3318048861993571   0.9726542905265848   0.5542379467184901   1.858697123444432
1.7000000000000002   0.34718085788723707   1.0163012525099946   0.5791151134081565   1.9425972238053881
1.7250000000000005   0.3487819844170893   1.016822701949659   0.580452238352628   1.9460569247193762
1.75   0.3488874025508829   1.0101504741526062   0.5785884064565768   1.937626283160066
1.7750000000000004   0.3591389670486392   1.031739895098319   0.5930910969678584   1.9839699591148166
1.8000000000000007   0.3707752954344184   1.0570907876839999   0.6093257607724833   2.0371918438909016
1.8250000000000002   0.37559606227516873   1.0611547337825697   0.6129560530675582   2.0497068491252968
1.8500000000000005   0.38437437351944315   1.073695619506585   0.6213792399966094   2.0794492330226375
1.875   0.4036862573229642   1.1156220218832023   0.6464724479039249   2.1657807271100915
1.9000000000000004   0.4171099666438173   1.1435832279308513   0.6626552878810108   2.2233484824556795
1.9250000000000007   0.41180977751592124   1.1214259193910647   0.6486461447108728   2.1818818416178587
1.9500000000000002   0.401486636471435   1.0856777609780623   0.6256759551345968   2.112840352584094
1.9750000000000005   0.4003977263427019   1.077490293330242   0.6179887990773878   2.0958768187503316
2.0   0.3973865276633135   1.0713582851266839   0.610932791396138   2.079677604186135
2.0250000000000004   0.37885950568785626   1.034053964997231   0.5845776323335572   1.9974911030186444
2.0500000000000007   0.3551886905001874   0.9925552331702647   0.5538399302139942   1.9015838538844463
2.075   0.34078082356793526   0.9795870910039622   0.5383702796229578   1.858738194194855
2.1000000000000005   0.3284283555265208   0.9695945330126879   0.5247767792138625   1.8227996677530711
2.125   0.3060432120837542   0.9310041955970096   0.4942647748914048   1.7313121825721687
2.1500000000000004   0.2806135693434353   0.8888047390788846   0.4592056106265555   1.6286239190488754
2.1750000000000007   0.26484711123341176   0.8777164188035649   0.4401147342624374   1.582678264299414
2.2   0.25624180427548676   0.8847015579144218   0.4327503990316598   1.5736937612215685
2.2250000000000005   0.2476835026323007   0.8909768391246874   0.4267132810368025   1.5653736227937904
2.25   0.24356130961372657   0.9177007729034569   0.4304791077110068   1.5917411902281904
2.2750000000000004   0.24854309864081583   0.9769603227599964   0.4505280461098339   1.6760314675106462
2.3000000000000007   0.2546654055695848   1.0318373994684658   0.47116601944808556   1.757668824486136
2.325   0.2551876131408073   1.0587679215586263   0.48147978639728184   1.7954353210967153
2.3500000000000005   0.257352014337018   1.092704724923937   0.4963879581188216   1.8464446973797766
2.375   0.266798072698338   1.1559489006390506   0.5252393537434329   1.9479863270808213
2.4000000000000004   0.2739727027913069   1.205000609918362   0.5479970254310991   2.026970338140768
2.4250000000000007   0.2708343540272372   1.2073262513217662   0.5499350544227656   2.0280956597717688
2.45   0.26606887902337295   1.2043086774247926   0.5498572269806404   2.020234783428806
2.4750000000000005   0.2687276922883552   1.2348181220527954   0.5651029113073627   2.0686487256485133
2.5   0.2720585557637329   1.2661185629043477   0.5803351215606808   2.1185122402287613
2.5250000000000004   0.26868415250705474   1.2666753031177715   0.5811236199020148   2.116483075526841
2.5500000000000007   0.2660587664730497   1.27368608875581   0.5847304635925983   2.1244753188214576
2.575   0.27116507376660637   1.3174924949757552   0.6052447013988254   2.193902270141187
2.6000000000000005   0.2754231632253072   1.353760271600777   0.6224845328861631   2.2516679677122475
2.625   0.270670351136872   1.3445817639767972   0.6192536427093872   2.2345057578230563
2.6500000000000004   0.26490990344541215   1.332010337902317   0.6148975927388379   2.211817834086567
2.6750000000000007   0.26656733064858634   1.3565477897195461   0.6276304914503937   2.2507456118185263
2.7   0.26835417843284076   1.379535451589212   0.6390906069349824   2.286980236957035
2.7250000000000005   0.26232231879781664   1.3625457998553367   0.6314082461794731   2.2562763648326265
2.75   0.25574639341128397   1.3453614195336034   0.6232561514027868   2.224363964347674
2.7750000000000004   0.25645093795451335   1.3669612975904677   0.6330633219350291   2.25647555748001
2.8000000000000007   0.25717767666549096   1.387363309904421   0.6426738684362363   2.287214855006148
2.825   0.2499337368901329   1.366761620862123   0.6338869665395156   2.2505823242917713
2.8500000000000005   0.24145061190257874   1.3438780402414332   0.624613800008234   2.209942452152246
2.875   0.23920087502413545   1.355897915355901   0.6317789486151637   2.2268777389952
2.9000000000000004   0.23591721921433317   1.358133972561638   0.6344233978798938   2.228474589655865
2.9250000000000007   0.2229906961163545   1.3042558702100795   0.6112466959258146   2.138493262252249
2.95   0.20652862379572218   1.2329802268372365   0.5804942217610874   2.0200030723940463
2.9750000000000005   0.19603708515439183   1.1970820070585413   0.5662655088479438   1.9593846010608769
3.0   0.1889193888557801   1.1768684504310223   0.5584367601951301   1.9242245994819325
3.0250000000000004   0.17913029320689494   1.1380793394386362   0.5406906572000155   1.8579002898455466
3.0500000000000007   0.17007963217986194   1.1060612320144403   0.5254623099081247   1.8016031741024268
3.075000000000001   0.16662859339762442   1.1091710966418888   0.5265808906483959   1.8023805806879092
3.0999999999999996   0.16421228906004967   1.1134400220011897   0.5279930772202208   1.8056453882814603
3.125   0.15727359063700633   1.0838897493250543   0.5129359540441406   1.7540992940062012
3.1500000000000004   0.14964141594662847   1.0503043478804481   0.4954473651186982   1.6953931289457747
3.1750000000000007   0.14640922115024407   1.046678498930863   0.4918044725033081   1.6848921925844154
3.200000000000001   0.14396658166005125   1.0451861872830228   0.4888919593570665   1.6780447283001405
3.2249999999999996   0.13749846457051898   1.0135429353432992   0.47100658001866275   1.622047979932481
3.25   0.13036814087886972   0.9794518643344402   0.4508520132547018   1.5606720184680116
3.2750000000000004   0.12721036121132423   0.9767407729624128   0.44497869351602687   1.5489298276897638
3.3000000000000007   0.1251836758943092   0.9842781279883329   0.4445101201340718   1.5539719240167138
3.325000000000001   0.12030645996109189   0.9768799628180438   0.43756199469247536   1.534748417471611
3.3499999999999996   0.11541277827828202   0.9794805784291083   0.4347991411644584   1.529692497871849
3.375   0.11407703440817285   1.012464452311334   0.4459215281847899   1.5724630149042969
3.4000000000000004   0.11328815379621983   1.0404698977332283   0.4561993676431032   1.6099574191725514
3.4250000000000007   0.10944435772500392   1.0340573611969477   0.45277650515877543   1.5962782240807272
3.450000000000001   0.10535108326903389   1.0254554752427198   0.4492828429877179   1.5800894014994715
3.4749999999999996   0.10444104780278268   1.0455879069810727   0.45873986208766926   1.6087688168715246
3.5   0.10408873199458328   1.0646092126583364   0.46783343492248874   1.6365313795754086
3.5250000000000004   0.1011571841450825   1.0533459908820648   0.4638641544036302   1.6183673294307774
3.5500000000000007   0.09837832403502418   1.0435098099682947   0.4608529155021384   1.6027410495054573
3.575000000000001   0.09910387340387135   1.067469698337224   0.47282839802576054   1.639401969766856
3.5999999999999996   0.10144431416403898   1.0993045870715024   0.4881259616489636   1.688874862884505
3.625   0.10335542059025082   1.114756457279796   0.49615134652197085   1.7142632243920177
3.6500000000000004   0.10742879713935219   1.1448107010792372   0.5108154801916744   1.7630549784102638
3.6750000000000007   0.11467471280880043   1.2073268558758203   0.5398027155280628   1.8618042842126834
3.700000000000001   0.11986246647603067   1.2525714676935822   0.5605089479140468   1.9329428820836596
3.7249999999999996   0.11937517032726828   1.2431696669177785   0.556092524202625   1.9186373614476717
3.75   0.11746628347142607   1.2213662034935424   0.545620232270754   1.8844527192357223
3.7750000000000004   0.11847897844907584   1.2301695441337137   0.5486715560791523   1.897320078661942
3.8000000000000007   0.11950114077946872   1.2373086986084845   0.5510764848286746   1.9078863242166277
3.825000000000001   0.11718006641839031   1.2061200065288282   0.5364112654194926   1.8597113383667112
3.8499999999999996   0.1148784809105393   1.171028007081864   0.5198603818936854   1.8057668698860887
3.875   0.11625274534989487   1.1715777504071363   0.5190397027108421   1.8068701984678732
3.9000000000000004   0.11850737289700855   1.1801010728928634   0.5216526772124849   1.8202611230023567
3.9250000000000007   0.11877994152448441   1.1647973364479456   0.5133364703854196   1.7969137483578494
3.950000000000001   0.1203625592489753   1.1568847525068027   0.507775691593388   1.7850230033491659
3.9749999999999996   0.12580844947792097   1.1862158648544887   0.5185979491617114   1.8306222634941212
4.0   0.13092198168635852   1.217863117723978   0.5310274052448224   1.8798125046551588
4.025   0.13250232104517415   1.2208030275074806   0.5314918901826056   1.8847972387352603
4.050000000000001   0.13469808670252537   1.2306046948441016   0.5352279556497319   1.900530737196359
4.075000000000001   0.14055119555812545   1.2752898867966584   0.5543556900572215   1.9701967724120053
4.1   0.14502190527977887   1.3102154259774956   0.5695651797888275   2.0248025110461016
4.125   0.14396629056433907   1.2974676120134168   0.5644694153866131   2.005903317964369
4.15   0.1420042084589948   1.2775873227863697   0.556620365277886   1.9762118965232505
4.175000000000001   0.1435663554271727   1.2900178306945298   0.5628677950892519   1.9964519812109542
4.200000000000001   0.14430024438197359   1.295671096412686   0.5658634086870924   2.0058347494817523
4.225   0.1395734155353083   1.2528486914665335   0.5473676432672677   1.9397897502691097
4.25   0.1334776623495911   1.1980728747422036   0.523463771599964   1.8550143086917585
4.275   0.1311197230360311   1.1770667643375747   0.5142729949618075   1.8224594823354132
4.300000000000001   0.12968573727256327   1.164634936217526   0.5088986107950486   1.8032192842851378
4.325000000000001   0.12520769331083964   1.125301314914622   0.49190931178393643   1.7424183200093981
4.35   0.12073002004212184   1.0863113902347188   0.47521874847558393   1.6822601587524244
4.375   0.11985362626976126   1.0793646947195046   0.4726356491459454   1.6718539701352113
4.4   0.11919461200969218   1.0730183546285175   0.4704160158551508   1.6626289824933607
4.425000000000001   0.11487807854054699   1.0316468123134805   0.45309572414305144   1.5996206149970789
4.450000000000001   0.11002583823972124   0.9833036020865232   0.4329831305314525   1.526312570857697
4.475   0.10874905085624953   0.9654664893285789   0.42614564508707187   1.5003611852719003
4.5   0.10902917788904434   0.959672918309055   0.42389292392551764   1.492595020123617
4.525   0.10815435655730202   0.9395430364496188   0.4143217060855386   1.4620190990924595
4.550000000000001   0.1088106076838586   0.9277349596203698   0.407628202887239   1.4441737701914672
4.575000000000001   0.11327461111368957   0.9470341696735826   0.41444907936434316   1.4747578601516154
4.600000000000001   0.11796730648499186   0.9692365277983938   0.42289596786788847   1.5100998021512742
4.625   0.12015421736430236   0.9688078193134477   0.4217591002341987   1.5107211369119489
4.65   0.12331206441586906   0.9725966492501242   0.4225405704803956   1.518449284146389
4.675000000000001   0.12921199742753778   1.000309709266232   0.4338763642830829   1.563398070976853
4.700000000000001   0.1317474175307531   1.011367072017969   0.43833880507043194   1.5814532946191542
4.725000000000001   0.12588523095508697   0.9692069452552232   0.42012972039829105   1.515221896608601
4.75   0.11609668724714912   0.9059701062282804   0.3931054498573325   1.415172243332762
4.775   0.10881649962835191   0.8675335123504315   0.37706743729340353   1.3534174492721869
4.800000000000001   0.1029947547407579   0.8454773091475379   0.36843513825863894   1.3169072021469348
4.825000000000001   0.09490772159634749   0.8157486582743096   0.35702030873880336   1.2676766886094606
4.850000000000001   0.08599274566818213   0.7911672566621581   0.3484204025246887   1.225580404855029
4.875   0.07884590049286155   0.7786110156288168   0.34496926041179   1.2024261765334683
4.9   0.07045413290942441   0.7300123488187944   0.3246876550193293   1.1251541367475482
4.925000000000001   0.0560905647641275   0.5951600587722453   0.26519573214442643   0.9164463556807994
4.950000000000001   0.03701635284150672   0.3966729675908625   0.17688509636847674   0.610574416800846
4.975000000000001   0.019511666757613875   0.20988955541258558   0.09362122369210038   0.32302244586229983
5.0   0.008087414673562348   0.08712182703244924   0.03886485857321108   0.13407410027922267
5.025   0.002620075177911984   0.02823975489505301   0.012598193995929438   0.04345802406889443
5.050000000000001   0.0006619449687851943   0.007135983581268344   0.00318351991064829   0.010981448460701829
5.075000000000001   0.0001303074753115305   0.0014048582505790403   0.0006267416779935841   0.0021619074038841547
