-5.0   0.0   0.0   0.0   0.0
-4.975   0.0   0.0   0.0   0.0
-4.95   0.0   0.0   0.0   0.0
-4.925   0.0   0.0   0.0   0.0
-4.9   0.0   0.0   0.0   0.0
-4.875   0.0   0.0   0.0   0.0
-4.85   0.0   0.0   0.0   0.0
-4.825   0.0   0.0   0.0   0.0
-4.8   0.0   0.0   0.0   0.0
-4.775   0.0   0.0   0.0   0.0
-4.75   0.0   0.0   0.0   0.0
-4.725   0.0   0.0   0.0   0.0
-4.7   0.0   0.0   0.0   0.0
-4.675   0.0   0.0   0.0   0.0
-4.65   0.0   0.0   0.0   0.0
-4.625   0.0   0.0   0.0   0.0
-4.6   0.0   0.0   0.0   0.0
-4.575   0.0   0.0   0.0   0.0
-4.55   0.0   0.0   0.0   0.0
-4.525   0.0   0.0   0.0   0.0
-4.5   0.0   0.0   0.0   0.0
-4.475   0.0   0.0   0.0   0.0
-4.45   0.0   0.0   0.0   0.0
-4.425   0.0   0.0   0.0   0.0
-4.4   0.0   0.0   0.0   0.0
-4.375   0.0   0.0   0.0   0.0
-4.35   0.0   0.0   0.0   0.0
-4.325   0.0   0.0   0.0   0.0
-4.3   0.0   0.0   0.0   0.0
-4.275   0.0   0.0   0.0   0.0
-4.25   0.0   0.0   0.0   0.0
-4.225   0.0   0.0   0.0   0.0
-4.2   0.0   0.0   0.0   0.0
-4.175   0.0   0.0   0.0   0.0
-4.15   0.0   0.0   0.0   0.0
-4.125   0.0   0.0   0.0   0.0
-4.1   0.0   0.0   0.0   0.0
-4.075   0.0   0.0   0.0   0.0
-4.05   0.0   0.0   0.0   0.0
-4.025   0.0   0.0   0.0   0.0
-4.0   0.0   0.0   0.0   0.0
-3.9749999999999996   0.0   0.0   0.0   0.0
-3.95   0.0   0.0   0.0   0.0
-3.925   0.0   0.0   0.0   0.0
-3.9   0.0   0.0   0.0   0.0
-3.875   0.0   0.0   0.0   0.0
-3.8499999999999996   0.0   0.0   0.0   0.0
-3.825   0.0   0.0   0.0   0.0
-3.8   0.0   0.0   0.0   0.0
-3.775   0.0   0.0   0.0   0.0
-3.75   0.0   0.0   0.0   0.0
-3.7249999999999996   0.0   0.0   0.0   0.0
-3.7   0.0   0.0   0.0   0.0
-3.675   0.0   0.0   0.0   0.0
-3.65   0.0   0.0   0.0   0.0
-3.625   0.0   0.0   0.0   0.0
-3.5999999999999996   0.0   0.0   0.0   0.0
-3.575   0.0   0.0   0.0   0.0
-3.55   0.0   0.0   0.0   0.0
-3.525   0.0   0.0   0.0   0.0
-3.5   0.0   0.0   0.0   0.0
-3.4749999999999996   0.0   0.0   0.0   0.0
-3.45   0.0   0.0   0.0   0.0
-3.425   0.0   0.0   0.0   0.0
-3.4   0.0   0.0   0.0   0.0
-3.375   0.0   0.0   0.0   0.0
-3.3499999999999996   0.0   0.0   0.0   0.0
-3.325   0.0   0.0   0.0   0.0
-3.3   0.0   0.0   0.0   0.0
-3.275   0.0   0.0   0.0   0.0
-3.25   0.0   0.0   0.0   0.0
-3.2249999999999996   0.0   0.0   0.0   0.0
-3.2   0.0   0.0   0.0   0.0
-3.175   0.0   0.0   0.0   0.0
-3.15   0.0   0.0   0.0   0.0
-3.125   0.0   0.0   0.0   0.0
-3.0999999999999996   0.0   0.0   0.0   0.0
-3.075   0.0   0.0   0.0   0.0
-3.05   0.0   0.0   0.0   0.0
-3.025   0.0   0.0   0.0   0.0
-3.0   0.0   0.0   0.0   0.0
-2.975   0.0   0.0   0.0   0.0
-2.9499999999999997   0.0   0.0   0.0   0.0
-2.925   0.0   0.0   0.0   0.0
-2.9   0.0   0.0   0.0   0.0
-2.875   0.0   0.0   0.0   0.0
-2.85   0.0   0.0   0.0   0.0
-2.8249999999999997   0.0   0.0   0.0   0.0
-2.8   0.0   0.0   0.0   0.0
-2.775   0.0   0.0   0.0   0.0
-2.75   0.0   0.0   0.0   0.0
-2.725   0.0   0.0   0.0   0.0
-2.6999999999999997   0.0   0.0   0.0   0.0
-2.675   0.0   0.0   0.0   0.0
-2.65   0.0   0.0   0.0   0.0
-2.625   0.0   0.0   0.0   0.0
-2.5999999999999996   0.0   0.0   0.0   0.0
-2.5749999999999997   0.0   0.0   0.0   0.0
-2.55   0.0   0.0   0.0   0.0
-2.525   0.0   0.0   0.0   0.0
-2.5   0.0   0.0   0.0   0.0
-2.4749999999999996   0.0   0.0   0.0   0.0
-2.4499999999999997   0.0   0.0   0.0   0.0
-2.425   0.0   0.0   0.0   0.0
-2.4   0.0   0.0   0.0   0.0
-2.375   0.0   0.0   0.0   0.0
-2.3499999999999996   0.0   0.0   0.0   0.0
-2.3249999999999997   0.0   0.0   0.0   0.0
-2.3   0.0   0.0   0.0   0.0
-2.275   0.0   0.0   0.0   0.0
-2.25   0.0   0.0   0.0   0.0
-2.2249999999999996   0.0   0.0   0.0   0.0
-2.1999999999999997   0.0   0.0   0.0   0.0
-2.175   0.0   0.0   0.0   0.0
-2.15   0.0   0.0   0.0   0.0
-2.125   0.0   0.0   0.0   0.0
-2.0999999999999996   0.0   0.0   0.0   0.0
-2.0749999999999997   0.0   0.0   0.0   0.0
-2.05   0.0   0.0   0.0   0.0
-2.025   0.0   0.0   0.0   0.0
-2.0   0.0   0.0   0.0   0.0
-1.9749999999999996   0.0   0.0   0.0   0.0
-1.9499999999999997   0.0   0.0   0.0   0.0
-1.9249999999999998   0.0   0.0   0.0   0.0
-1.9   0.0   0.0   0.0   0.0
-1.875   0.0   0.0   0.0   0.0
-1.8499999999999996   0.0   0.0   0.0   0.0
-1.8249999999999997   0.0   0.0   0.0   0.0
-1.7999999999999998   0.0   0.0   0.0   0.0
-1.775   0.0   0.0   0.0   0.0
-1.75   0.0   0.0   0.0   0.0
-1.7249999999999996   0.0   0.0   0.0   0.0
-1.6999999999999997   0.0   0.0   0.0   0.0
-1.6749999999999998   0.0   0.0   0.0   0.0
-1.65   0.0   0.0   0.0   0.0
-1.625   0.0   0.0   0.0   0.0
-1.5999999999999996   0.0   0.0   0.0   0.0
-1.5749999999999997   0.0   0.0   0.0   0.0
-1.5499999999999998   0.0   0.0   0.0   0.0
-1.525   0.0   0.0   0.0   0.0
-1.5   0.0   0.0   0.0   0.0
-1.4749999999999996   0.0   0.0   0.0   0.0
-1.4499999999999997   0.0   0.0   0.0   0.0
-1.4249999999999998   0.0   0.0   0.0   0.0
-1.4   0.0   0.0   0.0   0.0
-1.375   0.0   0.0   0.0   0.0
-1.3499999999999996   0.0   0.0   0.0   0.0
-1.3249999999999997   0.0   0.0   0.0   0.0
-1.2999999999999998   0.0   0.0   0.0   0.0
-1.275   0.0   0.0   0.0   0.0
-1.25   0.0   0.0   0.0   0.0
-1.2249999999999996   0.0   0.0   0.0   0.0
-1.1999999999999997   0.0   0.0   0.0   0.0
-1.1749999999999998   0.0   0.0   0.0   0.0
-1.15   0.0   0.0   0.0   0.0
-1.125   0.0   0.0   0.0   0.0
-1.0999999999999996   0.0   0.0   0.0   0.0
-1.0749999999999997   0.0   0.0   0.0   0.0
-1.0499999999999998   0.0   0.0   0.0   0.0
-1.025   0.0   0.0   0.0   0.0
-1.0   0.0   0.0   0.0   0.0
-0.9749999999999996   0.0   0.0   0.0   0.0
-0.9500000000000002   0.0   0.0   0.0   0.0
-0.9249999999999998   0.0   0.0   0.0   0.0
-0.8999999999999995   0.0   0.0   0.0   0.0
-0.875   0.0   0.0   0.0   0.0
-0.8499999999999996   0.0   0.0   0.0   0.0
-0.8250000000000002   0.0   0.0   0.0   0.0
-0.7999999999999998   0.0   0.0   0.0   0.0
-0.7749999999999995   0.0   0.0   0.0   0.0
-0.75   0.0   0.0   0.0   0.0
-0.7249999999999996   0.0   0.0   0.0   0.0
-0.7000000000000002   0.0   0.0   0.0   0.0
-0.6749999999999998   0.0   0.0   0.0   0.0
-0.6499999999999995   0.0   0.0   0.0   0.0
-0.625   0.0   0.0   0.0   0.0
-0.5999999999999996   0.0   0.0   0.0   0.0
-0.5750000000000002   0.0   0.0   0.0   0.0
-0.5499999999999998   0.0   0.0   0.0   0.0
-0.5249999999999995   0.0   0.0   0.0   0.0
-0.5   0.0   0.0   0.0   0.0
-0.47499999999999964   0.0   0.0   0.0   0.0
-0.4500000000000002   0.0   0.0   0.0   0.0
-0.4249999999999998   0.0   0.0   0.0   0.0
-0.39999999999999947   0.0   0.0   0.0   0.0
-0.375   0.0   0.0   0.0   0.0
-0.34999999999999964   0.0   0.0   0.0   0.0
-0.3250000000000002   0.0   0.0   0.0   0.0
-0.2999999999999998   0.0   0.0   0.0   0.0
-0.27499999999999947   0.0   0.0   0.0   0.0
-0.25   0.0   0.0   0.0   0.0
-0.22499999999999964   0.0   0.0   0.0   0.0
-0.1999999999999993   0.0   0.0   0.0   0.0
-0.17499999999999982   0.0   0.0   0.0   0.0
-0.14999999999999947   0.0   0.0   0.0   0.0
-0.125   0.0   0.0   0.0   0.0
-0.09999999999999964   0.0   0.0   0.0   0.0
-0.07499999999999929   0.0   0.0   0.0   0.0
-0.04999999999999982   0.0   0.0   0.0   0.0
-0.024999999999999467   0.0   0.0   0.0   0.0
0.0   0.0   0.0   0.0   0.0
0.025000000000000355   0.0   0.0   0.0   0.0
0.05000000000000071   0.0   0.0   0.0   0.0
0.07500000000000018   0.0   0.0   0.0   0.0
0.10000000000000053   0.0   0.0   0.0   0.0
0.125   0.0   0.0   0.0   0.0
0.15000000000000036   0.0   0.0   0.0   0.0
0.1750000000000007   0.0   0.0   0.0   0.0
0.20000000000000018   0.0   0.0   0.0   0.0
0.22500000000000053   0.0   0.0   0.0   0.0
0.25   0.0   0.0   0.0   0.0
0.27500000000000036   0.0   0.0   0.0   0.0
0.3000000000000007   0.0   0.0   0.0   0.0
0.3250000000000002   0.0   0.0   0.0   0.0
0.35000000000000053   0.0   0.0   0.0   0.0
0.375   0.0   0.0   0.0   0.0
0.40000000000000036   0.0   0.0   0.0   0.0
0.4250000000000007   0.0   0.0   0.0   0.0
0.4500000000000002   0.0   0.0   0.0   0.0
0.47500000000000053   0.0   0.0   0.0   0.0
0.5   0.0   0.0   0.0   0.0
0.5250000000000004   0.0   0.0   0.0   0.0
0.5500000000000007   0.0   0.0   0.0   0.0
0.5750000000000002   0.0   0.0   0.0   0.0
0.6000000000000005   0.0   0.0   0.0   0.0
0.625   0.0   0.0   0.0   0.0
0.6500000000000004   0.0   0.0   0.0   0.0
0.6750000000000007   0.0   0.0   0.0   0.0
0.7000000000000002   0.0   0.0   0.0   0.0
0.7250000000000005   0.0   0.0   0.0   0.0
0.75   0.0   0.0   0.0   0.0
0.7750000000000004   0.0   0.0   0.0   0.0
0.8000000000000007   0.0   0.0   0.0   0.0
0.8250000000000002   0.0   0.0   0.0   0.0
0.8500000000000005   0.0   0.0   0.0   0.0
0.875   0.0   0.0   0.0   0.0
0.9000000000000004   0.0   0.0   0.0   0.0
0.9250000000000007   0.0   0.0   0.0   0.0
0.9500000000000002   0.0   0.0   0.0   0.0
0.9750000000000005   0.0   0.0   0.0   0.0
1.0   0.0   0.0   0.0   0.0
1.0250000000000004   0.0   0.0   0.0   0.0
1.0500000000000007   0.0   0.0   0.0   0.0
1.0750000000000002   0.0   0.0   0.0   0.0
1.1000000000000005   0.0   0.0   0.0   0.0
1.125   0.0   0.0   0.0   0.0
1.1500000000000004   0.0   0.0   0.0   0.0
1.1750000000000007   0.0   0.0   0.0   0.0
1.2000000000000002   0.0   0.0   0.0   0.0
1.2250000000000005   0.0   0.0   0.0   0.0
1.25   0.0   0.0   0.0   0.0
1.2750000000000004   0.0   0.0   0.0   0.0
1.3000000000000007   0.0   0.0   0.0   0.0
1.3250000000000002   0.0   0.0   0.0   0.0
1.3500000000000005   0.0   0.0   0.0   0.0
1.375   0.0   0.0   0.0   0.0
1.4000000000000004   0.0   0.0   0.0   0.0
1.4250000000000007   0.0   0.0   0.0   0.0
1.4500000000000002   0.0   0.0   0.0   0.0
1.4750000000000005   0.0   0.0   0.0   0.0
1.5   0.0   0.0   0.0   0.0
1.5250000000000004   0.0   0.0   0.0   0.0
1.5500000000000007   0.0   0.0   0.0   0.0
1.5750000000000002   0.0   0.0   0.0   0.0
1.6000000000000005   0.0   0.0   0.0   0.0
1.625   0.0   0.0   0.0   0.0
1.6500000000000004   0.0   0.0   0.0   0.0
1.6750000000000007   0.0   0.0   0.0   0.0
1.7000000000000002   0.0   0.0   0.0   0.0
1.7250000000000005   0.0   0.0   0.0   0.0
1.75   0.0   0.0   0.0   0.0
1.7750000000000004   0.0   0.0   0.0   0.0
1.8000000000000007   0.0   0.0   0.0   0.0
1.8250000000000002   0.0   0.0   0.0   0.0
1.8500000000000005   0.0   0.0   0.0   0.0
1.875   0.0   0.0   0.0   0.0
1.9000000000000004   0.0   0.0   0.0   0.0
1.9250000000000007   0.0   0.0   0.0   0.0
1.9500000000000002   0.0   0.0   0.0   0.0
1.9750000000000005   0.0   0.0   0.0   0.0
2.0   0.0   0.0   0.0   0.0
2.0250000000000004   0.0   0.0   0.0   0.0
2.0500000000000007   0.0   0.0   0.0   0.0
2.075   0.0   0.0   0.0   0.0
2.1000000000000005   0.0   0.0   0.0   0.0
2.125   0.0   0.0   0.0   0.0
2.1500000000000004   0.0   0.0   0.0   0.0
2.1750000000000007   0.0   0.0   0.0   0.0
2.2   0.0   0.0   0.0   0.0
2.2250000000000005   0.0   0.0   0.0   0.0
2.25   0.0   0.0   0.0   0.0
2.2750000000000004   0.0   0.0   0.0   0.0
2.3000000000000007   0.0   0.0   0.0   0.0
2.325   0.0   0.0   0.0   0.0
2.3500000000000005   0.0   0.0   0.0   0.0
2.375   0.0   0.0   0.0   0.0
2.4000000000000004   0.0   0.0   0.0   0.0
2.4250000000000007   0.0   0.0   0.0   0.0
2.45   0.0   0.0   0.0   0.0
2.4750000000000005   0.0   0.0   0.0   0.0
2.5   0.0   0.0   0.0   0.0
2.5250000000000004   0.0   0.0   0.0   0.0
2.5500000000000007   0.0   0.0   0.0   0.0
2.575   0.0   0.0   0.0   0.0
2.6000000000000005   0.0   0.0   0.0   0.0
2.625   0.0   0.0   0.0   0.0
2.6500000000000004   0.0   0.0   0.0   0.0
2.6750000000000007   0.0   0.0   0.0   0.0
2.7   0.0   0.0   0.0   0.0
2.7250000000000005   0.0   0.0   0.0   0.0
2.75   0.0   0.0   0.0   0.0
2.7750000000000004   0.0   0.0   0.0   0.0
2.8000000000000007   0.0   0.0   0.0   0.0
2.825   0.0   0.0   0.0   0.0
2.8500000000000005   0.0   0.0   0.0   0.0
2.875   0.0   0.0   0.0   0.0
2.9000000000000004   0.0   0.0   0.0   0.0
2.9250000000000007   0.0   0.0   0.0   0.0
2.95   0.0   0.0   0.0   0.0
2.9750000000000005   0.0   0.0   0.0   0.0
3.0   0.0   0.0   0.0   0.0
3.0250000000000004   0.0   0.0   0.0   0.0
3.0500000000000007   0.0   0.0   0.0   0.0
3.075000000000001   0.0   0.0   0.0   0.0
3.0999999999999996   0.0   0.0   0.0   0.0
3.125   0.0   0.0   0.0   0.0
3.1500000000000004   0.0   0.0   0.0   0.0
3.1750000000000007   0.0   0.0   0.0   0.0
3.200000000000001   0.0   0.0   0.0   0.0
3.2249999999999996   0.0   0.0   0.0   0.0
3.25   0.0   0.0   0.0   0.0
3.2750000000000004   0.0   0.0   0.0   0.0
3.3000000000000007   0.0   0.0   0.0   0.0
3.325000000000001   0.0   0.0   0.0   0.0
3.3499999999999996   0.0   0.0   0.0   0.0
3.375   0.0   0.0   0.0   0.0
3.4000000000000004   0.0   0.0   0.0   0.0
3.4250000000000007   0.0   0.0   0.0   0.0
3.450000000000001   0.0   0.0   0.0   0.0
3.4749999999999996   0.0   0.0   0.0   0.0
3.5   0.0   0.0   0.0   0.0
3.5250000000000004   0.0   0.0   0.0   0.0
3.5500000000000007   0.0   0.0   0.0   0.0
3.575000000000001   0.0   0.0   0.0   0.0
3.5999999999999996   0.0   0.0   0.0   0.0
3.625   0.0   0.0   0.0   0.0
3.6500000000000004   0.0   0.0   0.0   0.0
3.6750000000000007   0.0   0.0   0.0   0.0
3.700000000000001   0.0   0.0   0.0   0.0
3.7249999999999996   0.0   0.0   0.0   0.0
3.75   0.0   0.0   0.0   0.0
3.7750000000000004   0.0   0.0   0.0   0.0
3.8000000000000007   0.0   0.0   0.0   0.0
3.825000000000001   0.0   0.0   0.0   0.0
3.8499999999999996   0.0   0.0   0.0   0.0
3.875   0.0   0.0   0.0   0.0
3.9000000000000004   0.0   0.0   0.0   0.0
3.9250000000000007   0.0   0.0   0.0   0.0
3.950000000000001   0.0   0.0   0.0   0.0
3.9749999999999996   0.0   0.0   0.0   0.0
4.0   0.0   0.0   0.0   0.0
4.025   0.0   0.0   0.0   0.0
4.050000000000001   0.0   0.0   0.0   0.0
4.075000000000001   0.0   0.0   0.0   0.0
4.1   0.0   0.0   0.0   0.0
4.125   0.0   0.0   0.0   0.0
4.15   0.0   0.0   0.0   0.0
4.175000000000001   0.0   0.0   0.0   0.0
4.200000000000001   0.0   0.0   0.0   0.0
4.225   0.0   0.0   0.0   0.0
4.25   0.0   0.0   0.0   0.0
4.275   0.0   0.0   0.0   0.0
4.300000000000001   0.0   0.0   0.0   0.0
4.325000000000001   0.0   0.0   0.0   0.0
4.35   0.0   0.0   0.0   0.0
4.375   0.0   0.0   0.0   0.0
4.4   0.0   0.0   0.0   0.0
4.425000000000001   0.0   0.0   0.0   0.0
4.450000000000001   0.0   0.0   0.0   0.0
4.475   0.0   0.0   0.0   0.0
4.5   0.0   0.0   0.0   0.0
4.525   0.0   0.0   0.0   0.0
4.550000000000001   0.0   0.0   0.0   0.0
4.575000000000001   0.0   0.0   0.0   0.0
4.600000000000001   0.0   0.0   0.0   0.0
4.625   0.0   0.0   0.0   0.0
4.65   0.0   0.0   0.0   0.0
4.675000000000001   0.0   0.0   0.0   0.0
4.700000000000001   0.0   0.0   0.0   0.0
4.725000000000001   0.0   0.0   0.0   0.0
4.75   0.0   0.0   0.0   0.0
4.775   0.0   0.0   0.0   0.0
4.800000000000001   0.0   0.0   0.0   0.0
4.825000000000001   0.0   0.0   0.0   0.0
4.850000000000001   0.0   0.0   0.0   0.0
4.875   0.0   0.0   0.0   0.0
4.9   0.0   0.0   0.0   0.0
4.925000000000001   0.0   0.0   0.0   0.0
4.950000000000001   0.0   0.0   0.0   0.0
4.975000000000001   0.0   0.0   0.0   0.0
5.0   0.0   0.0   0.0   0.0
5.025   0.0   0.0   0.0   0.0
5.050000000000001   0.0   0.0   0.0   0.0
5.075000000000001   0.0   0.0   0.0   0.0
