0.0   2.7533786880121377e-05   7.858904912276717e-35   3.027803357135517e-35   5.6427097421013235e-58   6.791571339869e-59   3.3868803280259993e-59   5.998255967033791e-74   3.736150629125051e-75   7.410598983297907e-91   1.0426530217997535e-91   1.257515066783971e-107   5.097220142696486e-108   4.780467851821698e-108   1.5593171426255133e-109   1.098391793484089e-127   2.7533786880121377e-05   0.0
0.025   0.00017960157321833013   2.797963954699404e-32   1.0779726628793554e-32   1.4844198594412397e-54   1.786649293422519e-55   8.909819307134119e-56   4.289320731843215e-70   2.671701314327209e-71   1.4404935609528162e-86   2.0267389553740795e-87   6.644551745522922e-103   2.69330713333607e-103   2.52593919931894e-103   8.239236026295725e-105   1.5776267157317967e-122   0.00017960157321833013   0.0
0.05   0.0009129027902336121   7.757978577797112e-30   2.9889194294832286e-30   3.041250409911159e-51   3.660452170206301e-52   1.8254263743317292e-52   2.388792506486031e-66   1.4879139328178023e-67   2.1806989257247554e-82   3.0681896695083795e-83   2.734289899228181e-98   1.1083189313954933e-98   1.0394455944174076e-98   3.3905161261234733e-100   1.7647272999434368e-117   0.0009129027902336121   0.0
0.07500000000000001   0.003619317135236607   1.6752569037528206e-27   6.454268802913954e-28   4.8525943085561e-48   5.840587578714525e-49   2.9126354100618837e-49   1.0360833962260445e-62   6.453481901924123e-64   2.5710260528150665e-78   3.617370322068827e-79   8.762939390583289e-94   3.5519758252393896e-94   3.331248360409656e-94   1.086603411159945e-95   1.5373662256358427e-112   0.003619317135236607   0.0
0.1   0.011221270502366917   2.817348919606078e-25   1.0854411174841504e-25   6.030067422989195e-45   7.257795449217267e-46   3.619381053615493e-46   3.4997528786512984e-59   2.1799009564146062e-60   2.360715354912682e-74   3.3214683508800657e-75   2.1871644442419023e-89   8.865467265605804e-90   8.314547943418055e-90   2.7120812320519815e-91   1.0430459641535203e-107   0.011221270502366917   0.0
0.125   0.027394482632521523   3.689998894921646e-23   1.4216473177944796e-23   5.835750704784584e-42   7.0239156442139474e-43   3.502747822359738e-43   9.206751567327886e-56   5.734635342260969e-57   1.6881349127911507e-70   2.3751642370534483e-71   4.2514732017967317e-85   1.7232950453432174e-85   1.6162057617367863e-85   5.271821563083895e-87   5.511323931490928e-103   0.027394482632521523   0.0
0.15000000000000002   0.053598707314308505   3.763901211944585e-21   1.4501197030434819e-21   4.39842988961637e-39   5.293954809690179e-40   2.6400357892426827e-40   1.886261275743631e-52   1.174900886324488e-53   9.401498003344835e-67   1.3227676095718084e-67   6.436115575395755e-81   2.608819474070416e-81   2.446701786044994e-81   7.980775430627707e-83   2.2679569569764777e-98   0.053598707314308505   0.0
0.17500000000000002   0.08756913576099852   2.990037110458594e-19   1.1519727987487478e-19   2.581814264226554e-36   3.107474345381073e-37   1.549662545472244e-37   3.009703081763903e-49   1.8746622558683067e-50   4.0776819060131786e-63   5.737197992801414e-64   7.588127195400096e-77   3.0757766493131764e-77   2.8846412318474244e-77   9.409268428465612e-79   7.268420718683919e-94   0.08756913576099852   0.0
0.2   0.12888070061892123   1.8498705010577756e-17   7.127003898072974e-18   1.180262741537319e-33   1.4205654686458507e-34   7.08420040040883e-35   3.7400020179359375e-46   2.329545616111635e-47   1.3773870945887332e-59   1.9379497117549394e-60   6.967416127735171e-73   2.8241772020804837e-73   2.648676718767611e-73   8.639587464799234e-75   1.8141437083062052e-89   0.12888070061892126   0.0
0.225   0.1857332604498751   8.913175812967685e-16   3.4339835196614994e-16   4.202026420619927e-31   5.057563389702767e-32   2.5221500439448156e-32   3.6194818202010615e-43   2.254476860303986e-44   3.6234732084311105e-56   5.09813754421097e-57   4.982361974600945e-69   2.0195539986721934e-69   1.8940545425536764e-69   6.178122746178986e-71   3.526384758300852e-85   0.18573326044987634   0.0
0.25   0.266555290291475   3.344645150320915e-14   1.2885935580630083e-14   1.1651054653004887e-28   1.4023221554472797e-29   6.993223047947563e-30   2.72801869516204e-40   1.6992087067699985e-41   7.423701124959021e-53   1.0444964608582156e-53   2.774758450952567e-65   1.124722481734087e-65   1.0548297926380288e-65   3.4406970806965016e-67   5.338436534927991e-81   0.2665552902915213   0.0
0.275   0.3621795198154009   9.774490682552047e-13   3.765828331706314e-13   2.5159272542219596e-26   3.0281726734049637e-27   1.5101156931877425e-27   1.601307229415658e-37   9.974107550864411e-39   1.1845196867057984e-49   1.6665900199379284e-50   1.2034871809769954e-61   4.8782231421222485e-62   4.575079798808017e-62   1.4923226303975672e-63   6.2939726574306695e-77   0.36217951981675495   0.0
0.30000000000000004   0.45342907527826987   2.2246667828667007e-11   8.571022586825575e-12   4.231139065140989e-24   5.092603408314037e-25   2.5396241103365112e-25   7.320291342701465e-35   4.559610537486254e-36   1.4719412175278253e-46   2.0709850335330074e-47   4.0652207548023874e-58   1.647799351532258e-58   1.5454015337241108e-58   5.040868756931325e-60   5.77912381694014e-73   0.45342907530908755   0.0
0.325   0.5437975419749685   3.9433304759977375e-10   1.5192678410387524e-10   5.541698564476088e-22   6.66999421562931e-23   3.326251192363156e-23   2.6062042415239056e-32   1.6233337953992446e-33   1.4245084499181191e-43   2.0042482980134114e-44   1.069432010017599e-54   4.334842998459812e-55   4.0654664732351335e-55   1.3260943825974317e-56   4.1326205043808816e-69   0.5437975425212284   0.0
0.35000000000000003   0.6564501528562071   5.443653284125231e-09   2.0973511158186347e-09   5.652686219234749e-20   6.803579134283378e-21   3.392868508899476e-21   7.226282041525778e-30   4.501054707474996e-31   1.0736580195352228e-40   1.5106103853526215e-41   2.1910314107913382e-51   8.881141654174372e-52   8.329248291558918e-52   2.716876265841311e-53   2.3015236001654554e-65   0.6564501603972115   0.0
0.375   0.7817961658888949   5.8526350993127155e-08   2.255059449256793e-08   4.490484879331866e-18   5.404752498997188e-19   2.695289414121298e-19   1.5604424223335067e-27   9.719571832184613e-29   6.302216153005478e-38   8.867062882458746e-39   3.4959918194255455e-48   1.4170677068907253e-48   1.3290080528210874e-48   4.335025574264868e-50   9.982325303177964e-62   0.7817962469658403   0.0
0.4   0.8667520218917732   4.900707054001418e-07   1.888580839652506e-07   2.778164647106884e-16   3.343802220327929e-17   1.6675167059195504e-17   2.624260654329219e-25   1.634580670321596e-26   2.8810247964686986e-35   4.053530921606586e-36   4.344287826449083e-45   1.7609165885613594e-45   1.651489420840044e-45   5.386911584036815e-47   3.371897652513821e-58   0.8667527008205631   0.0
0.42500000000000004   0.8859302706852052   3.196292889056232e-06   1.2322940834173485e-06   1.3385947260226205e-14   1.61113446767603e-15   8.034547954209213e-16   3.43710318642446e-23   2.140878263491378e-24   1.025715875783318e-32   1.4431569734651297e-33   4.204294739448419e-42   1.7041716952610617e-42   1.5982707780141928e-42   5.213320327718706e-44   8.87040458957035e-55   0.8859346992721936   0.0
0.45   0.8797074233158587   1.6240817999719898e-05   6.268938248754267e-06   5.023040019686849e-13   6.045740877860002e-14   3.0149444479634097e-14   3.505940609261988e-21   2.183755396694101e-22   2.844025843282963e-30   4.001474329039515e-31   3.1687946559464826e-39   1.2844413856385282e-39   1.2046234181951952e-39   3.9293014926132845e-41   1.817351163993582e-51   0.8797299330727002   0.0
0.47500000000000003   0.8838825815075045   6.432725305918836e-05   2.491060290645077e-05   1.4679477621343435e-11   1.7668271643243467e-12   8.810979637344094e-13   2.78511369282172e-19   1.734772214381271e-20   6.141385784927094e-28   8.640778670885145e-29   1.8600362966918045e-36   7.539483802748585e-37   7.0709639625668205e-37   2.306442730285305e-38   2.8997506704163254e-48   0.8839718193807976   0.0
0.5   0.8707753176169086   0.0001989254030622486   7.770550199670587e-05   3.341035515514676e-10   4.0212967549388776e-11   2.0053823581459126e-11   1.72308899173587e-17   1.0732662894088658e-18   1.0328222877150474e-25   1.4531555883924207e-26   8.503057595274025e-34   3.446635161283016e-34   3.232453793262959e-34   1.054378101034542e-35   3.6033698555095944e-45   0.871051948916338   0.0
0.525   0.8059224722551201   0.0004823072236432969   0.00019277078922743838   5.922135866152137e-09   7.127999342077086e-10   3.5546861659210647e-10   8.302309860927573e-16   5.17129607500671e-17   1.3527302625328792e-23   1.903258412622994e-24   3.027298195084364e-31   1.2270871138292287e-31   1.1508332649391333e-31   3.753846060529011e-33   3.4872525792535836e-42   0.8065975572583963   0.0
0.55   0.7149453655637906   0.0009270306929439811   0.0003925265282161456   8.175289091034946e-08   9.840200865607417e-09   4.907321352390031e-09   3.1154209935839586e-14   1.9405242202031016e-15   1.3798224273193994e-21   1.941376875227609e-22   8.393858865311305e-29   3.402372474187032e-29   3.190941685191324e-29   1.0408374760666506e-30   2.6283569592271345e-39   0.716265019285397   0.0
0.5750000000000001   0.6448519807163686   0.0014516277996495263   0.0006998380235443188   8.78935964699241e-07   1.0580093436532575e-07   5.2765353262378216e-08   9.10461221742977e-13   5.671119981430896e-14   1.0961288243073168e-19   1.542227787787927e-20   1.8125688118464662e-26   7.347078779717478e-27   6.890515403105282e-27   2.2475831350675096e-28   1.5428072423836076e-36   0.6470044840427821   0.0
0.6000000000000001   0.6008376618434784   0.001962610823080307   0.001194824583476342   7.35945823672263e-06   8.860607811019886e-07   4.4195085483350994e-07   2.0722110137380725e-11   1.290788554468175e-12   6.781510615952363e-18   9.541444177370587e-19   3.0482720424418563e-24   1.2355886689938667e-24   1.1588065146432228e-24   3.779853728914729e-26   7.052861744524507e-34   0.6040037847419207   0.0
0.625   0.5661508110791773   0.002500879566657127   0.0020530873178808825   4.799355137632345e-05   5.78139433175446e-06   2.8845751668569676e-06   3.6731340635462893e-10   2.2882067886223198e-11   3.267517045011701e-16   4.597349776105525e-17   3.992448499671834e-22   1.6183018019602585e-22   1.5177370241323663e-22   4.950631711701938e-24   2.510992709388905e-31   0.5707614378747863   0.0
0.65   0.5451236177010147   0.0031896168138356904   0.0034534788691680577   0.00024378458740910238   2.940938073899647e-05   1.4686265517950913e-05   5.0708008769468475e-09   3.1596325940586993e-10   1.2261290156512567e-14   1.7251677826617346e-15   4.072408196100898e-20   1.6507127303095176e-20   1.5481338644371193e-20   5.049782456343991e-22   6.962286849808492e-29   0.5520545990044629   0.0
0.675   0.5427000425888426   0.003983222630974029   0.005519470369498454   0.0009647589540684812   0.00011684357458832475   5.848508269071994e-05   5.4521966560466745e-08   3.3994400874642454e-09   3.583292424828122e-13   5.041877936307594e-14   3.2351145639680757e-18   1.3113235778168959e-18   1.2298350832696408e-18   4.0115408632021286e-20   1.503435333499818e-26   0.5533428811224782   0.0
0.7000000000000001   0.5340878434206111   0.0046597560616901705   0.00861865976089066   0.0029764580861887957   0.00036431816650356157   0.00018349423048388635   4.5663701147309464e-07   2.8520402786606086e-08   8.155648531681514e-12   1.1476490302145659e-12   2.001494552995347e-16   8.112872259326289e-17   7.608720659704568e-17   2.4818554463521533e-18   2.528389468145796e-24   0.5508910148930862   0.0
0.7250000000000001   0.4955562719454116   0.005178005342791701   0.013577737750540535   0.007171399760742688   0.0009027457851336407   0.00046201192606259176   2.9799547609305615e-06   1.8699098645962526e-07   1.4456775283891377e-10   2.0348487513218574e-11   9.643741414133673e-15   3.909001498922731e-15   3.666087476692077e-15   1.1958288471708794e-16   3.311536698416908e-22   0.5228513396213638   0.0
0.75   0.44054607648822247   0.005781730261916458   0.020703205572264134   0.013556695130237953   0.0018328377319897498   0.0009740765031533948   1.5165311935650565e-05   9.636249017135018e-07   1.99589978918891e-09   2.8112441600417377e-10   3.618787876132492e-13   1.4668427409744463e-13   1.3756897449953324e-13   4.487354684148682e-15   3.377859271360368e-20   0.48341075290229646   0.0
0.775   0.3922743088886504   0.006576567698346946   0.028218045163821107   0.02035347999187184   0.003246080141741213   0.0018565449509290708   6.032242947692379e-05   3.961798762812173e-06   2.1463892685950182e-08   3.0288662494374814e-09   1.0575653215555852e-11   4.28674881203751e-12   4.02035926704118e-12   1.3114290752860653e-13   2.6833660012850648e-18   0.45258933557537306   0.0
0.8   0.3434456731716167   0.007348196935944399   0.03296586927248605   0.025005705453609937   0.005468928727144758   0.0034614557398382362   0.00018867365465393538   1.34642023950474e-05   1.7985034308097906e-07   2.5508188252001572e-08   2.407010566729243e-10   9.756632195977387e-11   9.150323459901778e-11   2.98499560748392e-12   1.6601397857613521e-16   0.4178981729489761   0.0
0.8250000000000001   0.2728280069495733   0.008035793805779845   0.03371242309868546   0.026765347009498484   0.00916236922941053   0.00634211323707415   0.00047130529183974995   4.052423830792763e-05   1.1751710509281482e-06   1.689541337086392e-07   4.266542719812929e-09   1.729422201934289e-09   1.6219471060651239e-09   5.291979501084586e-11   7.999001790191978e-15   0.3573592346561939   0.0
0.8500000000000001   0.18427191694939957   0.008929720657054604   0.0324798928251054   0.027369561005094283   0.0146039627148702   0.010654949285181337   0.0009755165186583888   0.00011751556901804906   6.001135254441933e-06   8.941860285482491e-07   5.889834599236733e-08   2.3874603720865493e-08   2.2390794396161898e-08   7.308910406349819e-10   3.001603632630856e-13   0.2794100367406001   0.0
0.875   0.10438922306368684   0.010054222606989403   0.03150459095940325   0.028487980833848212   0.02071847974352133   0.015475168870399502   0.0017954558354385858   0.00033670578506722637   2.4091075426098622e-05   3.925402771034081e-06   6.33232690091117e-07   2.5669566135546897e-07   2.4073849121419436e-07   7.868217350484018e-09   8.771974458612945e-12   0.21279098272038352   0.0
0.9   0.051641954404371124   0.010886654153532476   0.03057853764140682   0.029970090949524786   0.025773555073339068   0.019410653764755138   0.00319584889515199   0.0008951313943505432   7.718767560216303e-05   1.5346843855185495e-05   5.302351908622706e-06   2.14972986526854e-06   2.0160147678189535e-06   6.6116437966593e-08   1.9964939307750122e-10   0.17245449520851844   0.0
0.925   0.024128427597653483   0.011137049453413336   0.028766007955720128   0.03154305944535863   0.029570328078973748   0.022288804469133013   0.005625125015778393   0.0020424451897292813   0.00020461078366601206   5.804766726076952e-05   3.4582050152961396e-05   1.402585919639466e-05   1.3152024448355028e-05   4.3532825404768895e-07   3.538878582343069e-09   0.15542610445761726   0.0
0.9500000000000001   0.011178766290407266   0.011208251915054127   0.02671321210568261   0.03416204151211594   0.03361397990348504   0.025249641886525707   0.009202237436921354   0.0038476031782015527   0.0004810585465992832   0.00021630706018778547   0.00017571011096302993   7.133768893741088e-05   6.687372275160797e-05   2.2686887807594573e-06   4.8853027675439484e-08   0.15618933889964134   0.0
0.9750000000000001   0.00492065469405685   0.011327875471363677   0.02536339241961607   0.038120281737460175   0.038253574314781415   0.028518754481994445   0.013070388870453744   0.006026619827123697   0.0010910484784746519   0.0007416645984774068   0.0006958927340137388   0.0002833125121397124   0.00026537478344316486   9.59543517434032e-06   5.252287722877295e-07   0.16868895558734565   0.0
1.0   0.0018883046664702654   0.010848386054724352   0.02403369640785667   0.04197652235769857   0.0415688842108583   0.03051088540444284   0.015856125744172674   0.008278820346670816   0.0024441251548642335   0.0021583812600267124   0.002151419469514734   0.0008824309994417622   0.0008248143700292818   3.4769219413576696e-05   4.397896686795321e-06   0.18346196356287187   0.0
1.0250000000000001   0.0005935868269142783   0.00909249134350839   0.021650504367580894   0.04513101819485959   0.042500778288605885   0.03025761002818889   0.017195427622520586   0.010852871633282973   0.005074487443190588   0.005085302414023734   0.005212627836037664   0.002180534755672773   0.002026900417724111   0.00011740591036477951   2.8681611478601554e-05   0.19700022869395398   0.0
1.05   0.0001482726783035324   0.006429793787537592   0.018647325394262934   0.048928734077712484   0.04275956092420278   0.02915919628380177   0.01816162072200317   0.014238786484921277   0.009040886580533425   0.009533153898319798   0.010000763478862347   0.004397286901120594   0.004031947651250366   0.00039206674937147546   0.00014570863187152085   0.2160151042440751   0.0
1.075   2.9065539208368992e-05   0.003916685704485119   0.016040365190939432   0.05293952881574379   0.04366684167354216   0.02899863162712581   0.01975297492040225   0.018054104282989654   0.01332525924845912   0.014268556110660377   0.015588830075944991   0.007678095409127774   0.006836720376455391   0.001254266582912227   0.000576841319690623   0.242926766877687   0.0
1.1   4.449949706898301e-06   0.002203570148051857   0.013641102317291903   0.052915197951852413   0.04356697804013736   0.029917289846958746   0.02197919804084705   0.021096100414286296   0.016426251767081755   0.017510994641243414   0.020864621089390654   0.01264809806882461   0.010739765403673024   0.003533235751707805   0.001781422516861954   0.26882827594791553   0.0
1.125   5.311457853244784e-07   0.0012230549307669421   0.010576498343465498   0.045495189254947034   0.0407138758596851   0.03168593994291101   0.024971543088741645   0.023044521528354827   0.017969177069898937   0.01874339934136296   0.026112563944443144   0.02066286492007638   0.016683776360365797   0.008221411235498527   0.004303579095652267   0.2904079260619551   0.0
1.1500000000000001   4.9393135888889866e-08   0.0006585076077527299   0.006900513243608554   0.0329905917794298   0.03635970390907521   0.0347712137530835   0.02930403476575104   0.024978110677844927   0.01906663781496267   0.01920508083177696   0.03244749711258266   0.032108812984799735   0.025064924648277052   0.015372719178820387   0.008193384234384945   0.31742178193528564   0.0
1.175   3.577730477622378e-09   0.0003166452461668269   0.0036210680119486806   0.02094458497432561   0.0324659060784566   0.0381850907249183   0.033977369124126654   0.027378476531934762   0.020635078887371764   0.020142992752420277   0.038924692185322844   0.0438642146332767   0.033739191586637754   0.02311784415654265   0.012527713250142767   0.3498408717213221   0.0
1.2000000000000002   2.0183559252756146e-10   0.0001265043785344673   0.0014983698870961618   0.012574089230520849   0.028394103034643323   0.03836511033777431   0.035870622594567074   0.029056899328881964   0.022407046806177746   0.021613514280675497   0.04206800342136286   0.050433910359256096   0.038750769168376685   0.02880254780510486   0.016066425222933205   0.36602791605774004   0.0
1.225   8.867937639090138e-12   4.041397840528444e-05   0.0004851220598754172   0.007487998937785111   0.022347296528021282   0.032693426685926376   0.03303694406781677   0.029201184087686762   0.02422873410084956   0.023586571731297086   0.0398718055022872   0.04935879794536703   0.038354169256321353   0.03178650116570945   0.018684282051484136   0.3511632481077002   0.0
1.25   3.034428881462697e-13   1.0157240519868261e-05   0.00012253460218981151   0.004235353354419923   0.014675144940172271   0.022956344535786165   0.027220736966184725   0.028811820892115925   0.02673938439392296   0.026581520823147114   0.03454454886016638   0.04382718421703682   0.03492557263573101   0.033874240017178786   0.021351802032409477   0.31987634551128424   0.0
1.2750000000000001   8.086466796209382e-15   1.9956595062464392e-06   2.411955029391454e-05   0.0020877175424402323   0.0077204691818003246   0.01351795152954562   0.02151933059126637   0.028576375268144386   0.029524348649259097   0.029952988752847454   0.02958326557816807   0.03825645214606565   0.03156438381208304   0.036056518496206016   0.02417720247691677   0.292563119234551   0.0
1.3   1.678291704407282e-16   3.057949539751019e-07   3.6983482815868053e-06   0.000842798458027755   0.00319773908716672   0.007109278549428966   0.01690322722128758   0.026955232486343753   0.030204162408783337   0.03118366391662896   0.025955608902986562   0.03346044193627803   0.028575678873741513   0.036636871339358806   0.025652460414659184   0.26668116773792655   0.0
1.3250000000000002   2.712705331278339e-18   3.651104366794347e-08   4.416825444501731e-07   0.0002703334227834534   0.001035690077586798   0.003618540386706098   0.012495155970525322   0.02221095505694578   0.027063237834222275   0.028603323543040918   0.02284392111850679   0.02805154492222446   0.02483383131768258   0.0340671573762688   0.024782756167896484   0.22987692538797766   0.0
1.35   3.41479179930906e-20   3.395681205552059e-09   4.1082117701491284e-08   6.804561855947234e-05   0.00026163429936505565   0.0018164885385580191   0.00797608399237742   0.015198207169595053   0.02142704968764753   0.02361820016045665   0.020146297656453153   0.022139740025376605   0.02061255327884329   0.029661203226338896   0.02266281859967452   0.18558836673104448   0.0
1.375   3.347743988950106e-22   2.4597233150413025e-10   2.975958409714483e-09   1.3376855682702063e-05   5.150224802204399e-05   0.0008403322368613656   0.004148885557190555   0.00860326041758151   0.01598768571358728   0.018782937310368838   0.018149607351895136   0.01711841114184695   0.01703769695812881   0.025585271831415866   0.02073425667891545   0.14705322752342725   0.0
1.4000000000000001   2.5560340515015607e-24   1.387660203255894e-11   1.6789166525029245e-10   2.050159279519918e-06   7.897189025810747e-06   0.0003300688882501249   0.0017110508197850103   0.004203700345114593   0.011847085418999748   0.014846823774852002   0.01605028959211671   0.013274917828290402   0.014062285193952181   0.02184621184347503   0.018741114155092747   0.11692349539000219   0.0
1.425   1.5198733983626576e-26   6.096919911544902e-13   7.376638170638206e-12   2.4480177582277763e-07   9.431435789243921e-07   0.00010474126705925877   0.0005532920159400286   0.0019198882358946782   0.008427083716032756   0.011019430720703636   0.012714655983788355   0.009747555971339507   0.010788195982146495   0.01718286490232966   0.015721564363461542   0.08818046111203705   0.0
1.4500000000000002   7.038410183340761e-29   2.0862470500755075e-14   2.524145923001775e-13   2.2768235877102502e-08   8.772461026061495e-08   2.6257983767790523e-05   0.00013968905023342034   0.0008679332715945072   0.005279793033293976   0.007047557513652237   0.008373639353534737   0.006203808615934226   0.007128151300807179   0.011677953477678547   0.011944600501144537   0.058689494594760624   0.0
1.475   2.538447069047817e-31   5.559655934720927e-16   6.726620202434349e-15   1.64927547443836e-09   6.354711931674074e-09   5.154222456844316e-06   2.7491549090333492e-05   0.00037571855351487774   0.0027252906990758987   0.0036687611239866417   0.004410322618984333   0.0032232100606859565   0.003936845658926488   0.006803106083780293   0.008575526831360142   0.03375143540585652   0.0
1.5   7.129975389317215e-34   1.1538694615354468e-17   1.3960654203964809e-16   9.304471751684866e-11   3.585075361092213e-10   7.895070993817687e-07   4.215127494643723e-06   0.00014300073631945463   0.0011206180672008762   0.0015134938062580886   0.0018274969422756339   0.0013286972068035292   0.0018611367397204238   0.0035758497663862174   0.006127754620689279   0.017503052971799937   0.0
1.5250000000000001   1.5596757835919224e-36   1.8650560919330183e-19   2.256529548735624e-18   4.088082804216119e-12   1.575170923045278e-11   9.425281968065436e-08   5.033883645964208e-07   4.479879192296508e-05   0.0003619660521413158   0.0004894638114730169   0.000591988016286341   0.0004295812365897002   0.0008082250747706461   0.001827473949384644   0.004251951461177546   0.008806046054770247   0.0
1.55   2.657094539893851e-39   2.3477590505847935e-21   2.8405514757789323e-20   1.3988628991749067e-13   5.389936916107867e-13   8.765496950698099e-09   4.682115156985693e-08   1.1175603044040626e-05   9.134770856627662e-05   0.00012357950986334546   0.00014955585723077188   0.0001084492580921352   0.00034547505028146945   0.0009214470936115196   0.002630988008881366   0.004382073676898324   0.0
1.5750000000000002   3.5253810388868727e-42   2.3016619525562326e-23   2.7847786716572995e-22   3.727841286039391e-15   1.43636937980494e-14   6.349336688993735e-10   3.3916792649221048e-09   2.189646348238421e-06   1.7974996746058714e-05   2.4321475662852347e-05   2.9440445862152428e-05   2.1342908498093636e-05   0.00014363245260710602   0.00042742877929006904   0.001350964254481037   0.002017298986126632   0.0
1.6   3.642767902802572e-45   1.757340577964875e-25   2.1262047518951522e-24   7.736886178539578e-17   2.9810894233897906e-16   3.581974267043912e-11   1.913447536548988e-10   3.351748047265362e-07   2.7558535781419484e-06   3.729098512757554e-06   4.514339404844227e-06   3.2723631020272584e-06   5.3547084558674794e-05   0.00016809534066799929   0.0005543817664667513   0.0007906312482607942   0.0
1.625   2.931455579603983e-48   1.0449529026659474e-27   1.2642875595233693e-26   1.2505510847832618e-18   4.818482205657225e-18   1.5737973109293459e-12   8.407090476070053e-12   4.0003753975951265e-08   3.2910895333884804e-07   4.4534564424749427e-07   5.391390219034275e-07   3.9079825276408215e-07   1.6628605926469932e-05   5.336849404120382e-05   0.00017893247882142625   0.0002506739843962235   0.0
1.6500000000000001   1.8372214770525833e-51   4.839091969332973e-30   5.854812943305396e-29   1.5742114501479088e-20   6.065573907086368e-20   5.3852227180963476e-14   2.8767467476850903e-13   3.719999110858795e-09   3.061084660098371e-08   4.142251427361058e-08   5.014699023161685e-08   3.634888065399833e-08   4.134095065945045e-06   1.3381679999756005e-05   4.5143655461698804e-05   6.282168009979786e-05   0.0
1.675   8.967390642483013e-55   1.7452490704031065e-32   2.1115752528712003e-31   1.543302585373265e-22   5.946479406157255e-22   1.4351117204076694e-15   7.666269018966638e-15   2.694510579184923e-10   2.217414186561515e-09   3.0006079994792503e-09   3.632615788126441e-09   2.6330769219950415e-09   8.089610354637411e-07   2.626896816076943e-06   8.882245733664209e-06   1.2329856760260348e-05   0.0
1.7000000000000002   3.408764859735137e-58   4.902045456499128e-35   5.930980311477136e-34   1.1783260603448384e-24   4.540193050343671e-24   2.9784781899647856e-17   1.5910832683642684e-16   1.520087430837903e-11   1.250973648104325e-10   1.6928212031190168e-10   2.0493774397467688e-10   1.4854747124598492e-10   1.2377100673515964e-07   4.023900188811578e-07   1.361737805197137e-06   1.8885618965769979e-06   0.0
1.725   1.0091468727275885e-61   1.0723180896658762e-37   1.2973966753400883e-36   7.006582861962149e-27   2.699697471045113e-26   4.8142609187708765e-19   2.5717465166403332e-18   6.678714948087336e-13   5.496385186356529e-12   7.437727598884961e-12   9.004329344611393e-12   6.526711272545697e-12   1.4769720696142363e-08   4.803852645692361e-08   1.626188706978756e-07   2.254562508788918e-07   0.0
1.75   2.3266876935740395e-65   1.826822324929341e-40   2.2102706591132893e-39   3.244691581708449e-29   1.2502079592302416e-28   6.0602598034585134e-21   3.237351067068458e-20   2.2853201210129232e-14   1.8807583991497024e-13   2.545049210338356e-13   3.081111223730624e-13   2.2333166381302143e-13   1.3733662619441624e-09   4.467590947233606e-09   1.5125311782888037e-08   2.096726586885257e-08   0.0
1.7750000000000001   4.1778052021988696e-69   2.4237921116683006e-43   2.9325438577822766e-42   1.17021850441501e-31   4.508953937949539e-31   5.941269538534713e-23   3.1737872985979676e-22   6.090161578746561e-16   5.0120502010299445e-15   6.782325218001785e-15   8.210882462535618e-15   5.9515861227931475e-15   9.947481220917357e-11   3.236128667475053e-10   1.095657936861267e-09   1.5187721816784838e-09   0.0
1.8   5.842310834244135e-73   2.5044986655554845e-46   3.0301906434762927e-45   3.2869029413020603e-34   1.266472364412695e-33   4.536215238187936e-25   2.4232165025809785e-24   1.263971928035743e-17   1.0402177442883648e-16   1.4076266001818318e-16   1.7041142254686268e-16   1.23521220691591e-16   5.6117460807442745e-12   1.8256608084201794e-11   6.181245948965318e-11   8.568136501139903e-11   0.0
1.8250000000000002   6.362788860684374e-77   2.0154527499842093e-49   2.438494437775759e-48   7.190070990245994e-37   2.7703970485631673e-36   2.697332171102679e-27   1.440897201965979e-26   2.0430198762085025e-19   1.6813553352099274e-18   2.2752164391572284e-18   2.7544440685067678e-18   1.9965345311221734e-18   2.46559055187158e-13   8.02133226543325e-13   2.7158445710984444e-12   3.764545764681304e-12   0.0
1.85   5.39680522409156e-81   1.2631380478762167e-52   1.5282695681721147e-51   1.2249147272095638e-39   4.719703254156846e-39   1.2491126069629362e-29   6.672677844576631e-29   2.5717822649531785e-21   2.1165139875084023e-20   2.864074791715073e-20   3.4673333559111263e-20   2.513266043328934e-20   8.436738332566277e-15   2.74474122174035e-14   9.293102339515141e-14   1.2881528612878522e-13   0.0
1.875   3.564941076144624e-85   6.16531673081799e-56   7.459411070464033e-55   1.625192889732893e-42   6.262009917865643e-42   4.505003479400738e-32   2.406543393129541e-31   2.5212865375162248e-23   2.0749572923802744e-22   2.8078401164140692e-22   3.399254005276818e-22   2.4639193216779945e-22   2.248309846796571e-16   7.314480007139534e-16   2.476527226721047e-15   3.432807311924594e-15   0.0
1.9000000000000001   1.8339789521113753e-89   2.343615423820839e-59   2.835538156535298e-58   1.6793079753057726e-45   6.470520061316888e-45   1.2653627617599888e-34   6.759485111344527e-34   1.9250260048243845e-25   1.5842494402653971e-24   2.1438123814860273e-24   2.5953624586490474e-24   1.881225614473224e-24   4.666214583569489e-18   1.5180713148068985e-17   5.139867776766936e-17   7.124561389646029e-17   0.0
1.925   7.347891212875709e-94   6.938149955021348e-63   8.394461281174278e-62   1.3513945618934985e-48   5.207041086014915e-48   2.7679698024960132e-37   1.4786313644434296e-36   1.1446622993764601e-27   9.420291513266982e-27   1.2747574386243916e-26   1.5432589294097836e-26   1.1186176394982117e-26   7.54223125426608e-20   2.453733403502886e-19   8.307822199134905e-19   1.1515779227377329e-18   0.0
1.9500000000000002   2.292754043874795e-98   1.5996589349661749e-66   1.9354258814973633e-65   8.469550520765322e-52   3.263391668523352e-51   4.715568149632207e-40   2.5190256631526965e-39   5.3008380776112125e-30   4.362460443489656e-29   5.90329810228775e-29   7.146706686238845e-29   5.180227381520388e-29   9.494266983916566e-22   3.0887943512350538e-21   1.045800461772119e-20   1.4496225898575654e-20   0.0
1.975   5.571582913934824e-103   2.8723508697380322e-70   3.475254688681501e-69   4.1339473239666755e-55   1.592845951160215e-54   6.25652354206545e-43   3.3421939551221114e-42   1.9117807189900935e-32   1.5733489016591637e-31   2.1290617315364288e-31   2.577504887763459e-31   1.8682817109186876e-31   9.307851471638755e-24   3.0281473720512794e-23   1.0252666913373436e-22   1.4211599515982334e-22   0.0
2.0   1.0544502817409824e-107   4.016742235178602e-74   4.859852754445205e-73   1.571433088146741e-58   6.0548687146115014e-58   6.464851002144251e-46   3.453481121728767e-45   5.369798583589333e-35   4.419213260816875e-34   5.980096231196073e-34   7.239680765021247e-34   5.247618823244397e-34   7.106632194660206e-26   2.3120190332533325e-25   7.828007773735199e-25   1.0850690049878135e-24   0.0
2.025   1.5541752765195743e-112   4.374584556582039e-78   5.2928058516339865e-77   4.652144843828219e-62   1.7925119741469088e-61   5.20247900695822e-49   2.7791302584969764e-48   1.174638670713495e-37   9.666989757291333e-37   1.3081407391516067e-36   1.58367373718914e-36   1.1479119567358304e-36   4.225757948002848e-28   1.3747767668659545e-27   4.6547035659974345e-27   6.4520561327875586e-27   0.0
2.0500000000000003   1.7840222411783045e-117   3.710445420257041e-82   4.489264518377289e-81   1.072597899213769e-65   4.132813234171303e-65   3.260532491776906e-52   1.7417551314657238e-51   2.0011376922862755e-40   1.646887511627698e-39   2.2285744589077393e-39   2.697977928763288e-39   1.955605533327291e-39   1.956914160697455e-30   6.366479478080419e-30   2.1555553937571245e-29   2.987894758507826e-29   0.0
2.075   1.5948759614208605e-122   2.45099067693213e-86   2.9654513770108775e-85   1.9259589912214647e-69   7.420887933144211e-69   1.591450400589734e-55   8.501423950509392e-55   2.6550703298885083e-43   2.1850581225272816e-42   2.9568289811621954e-42   3.579624319223698e-42   2.5946591524237778e-42   7.057734467302484e-33   2.2961110183852058e-32   7.774146620068035e-32   1.077603108634165e-31   0.0
