-5.0   0.08595471944464089   1.5151921210124304   0.10969724112739726   1.7108440815844685
-4.975   0.0927688279317529   1.610716904949751   0.11635550061043075   1.8198412334919345
-4.95   0.09595878180137439   1.6276135395800515   0.11711463539757783   1.8406869567790036
-4.925   0.10058986089673114   1.6662591201665278   0.11920391164999501   1.8860528927132538
-4.9   0.10505700099307559   1.7117431688906428   0.12137047850453583   1.9381706483882541
-4.875   0.10758501433068021   1.7345202996807405   0.12113248626618957   1.9632378002776103
-4.85   0.11168473449091072   1.7860818337763953   0.12208869822960867   2.0198552664969145
-4.825   0.11975583035299708   1.9025270815458093   0.12742375350837937   2.149706665407186
-4.8   0.12823429854638205   2.025588279286507   0.1338261792432026   2.287648757076092
-4.775   0.13514016410873878   2.120440138718453   0.13890145041971355   2.3944817532469056
-4.75   0.14494522611486102   2.2547359322661302   0.14678180470743069   2.546462963088422
-4.725   0.15940626474286249   2.4545149448922583   0.15910486524179582   2.7730260748769164
-4.7   0.17216027886562374   2.6139028989476216   0.1690631795765778   2.9551263573898234
-4.675   0.17989869426513425   2.6681757603801612   0.17244552464224364   3.0205199792875392
-4.65   0.18923079821633446   2.7129847928561195   0.17534569294571942   3.0775612840181736
-4.625   0.20405917527836623   2.819192050523527   0.18225491832642607   3.205506144128319
-4.6   0.21721134277585474   2.8851161471305473   0.1865460881877095   3.2888735780941114
-4.575   0.2241545538062352   2.8202863193023227   0.18235444347723592   3.2267953165857937
-4.55   0.23238469630925807   2.716134335705423   0.17559878088384248   3.124117812898523
-4.525   0.24592687775501754   2.676310266424245   0.17299573439034152   3.095232878569604
-4.5   0.25406054528082633   2.633917975714043   0.17023149810403393   3.058210019098903
-4.475   0.24836073200476774   2.4979255802012754   0.16142147484133326   2.9077077870473764
-4.45   0.23740763346832805   2.3319609783385875   0.1506741847864856   2.7200427965934013
-4.425   0.23099517375163464   2.2279034640604967   0.1439296444162254   2.6028282822283564
-4.4   0.2231639012369725   2.136552254725353   0.138013648755409   2.4977298047177343
-4.375   0.20497188909049785   1.975461927815269   0.12759451188347737   2.308028328789244
-4.35   0.18183672862463593   1.787456956466321   0.11540869846406253   2.0847023835550194
-4.325   0.16463221224957242   1.654833501722486   0.10668765668909957   1.926153370661158
-4.3   0.15410181990117727   1.5580996701358805   0.10000255086769952   1.8122040409047573
-4.275   0.1459307681010208   1.4407154388070202   0.09150252261865077   1.6781487295266917
-4.25   0.14146940710508474   1.3248380304819851   0.08260203623794238   1.5489094738250122
-4.225   0.14234730098445197   1.2559336106132857   0.07657759688516684   1.4748585084829045
-4.2   0.1428895889524273   1.2087139560551075   0.07225357959643569   1.4238571246039704
-4.175   0.1379996013560837   1.140699555999908   0.06694163124284219   1.345640788598834
-4.15   0.13143049449092675   1.0725830358364097   0.06164121918715824   1.2656547495144947
-4.125   0.12765323878344614   1.0348233056706426   0.058317119009231366   1.22079366346332
-4.1   0.12265482386622155   0.9946070532637601   0.055481417551027305   1.1727432946810088
-4.075   0.11103546900875486   0.909232153858902   0.05084388048575281   1.0711115033534095
-4.05   0.0958994208943609   0.8018058912678865   0.04547904595509463   0.943184358117342
-4.025   0.08427635293559853   0.7219125142802575   0.04173933119786447   0.8479281984137205
-4.0   0.07816935937057574   0.6756727457431535   0.03956311769924608   0.7934052228129753
-3.9749999999999996   0.07621738286209097   0.6461990035383011   0.0378604775175395   0.7602768639179316
-3.95   0.0787912474576766   0.6397302227812551   0.0371476494713859   0.7556691197103177
-3.925   0.08568022457087603   0.6633727678325027   0.038088204776157854   0.7871411971795365
-3.9   0.09366339331788692   0.6959172437197085   0.03962737626150607   0.8292080132991015
-3.875   0.10153396409742699   0.7234681728694132   0.04097613443136466   0.8659782713982048
-3.8499999999999996   0.11223714883260613   0.7650764373143966   0.04317405751807342   0.9204876436650762
-3.825   0.12490484935492285   0.8226064821752114   0.04635386211090087   0.9938651936410351
-3.8   0.1310972576923013   0.8483174655529754   0.04791530614098962   1.0273300293862664
-3.775   0.12534482183922235   0.8077870083727081   0.046009516735782754   0.9791413469477133
-3.75   0.11364104378121775   0.7362446767126959   0.04262548532248944   0.8925112058164031
-3.7249999999999996   0.10558713007393067   0.6917743016316046   0.04092926870701306   0.8382907004125484
-3.7   0.10440862041881668   0.6939028583525746   0.041950201851440605   0.8402616806228319
-3.675   0.10993181943713023   0.7433897605176738   0.04586637154344552   0.8991879514982496
-3.65   0.12312772146887857   0.8485865004331651   0.05330621752619413   1.0250204394282378
-3.625   0.1405107051234608   0.9859064767545395   0.0626778913146254   1.1890950731926255
-3.5999999999999996   0.15186633076822362   1.0879885104968414   0.06957185101830217   1.309426692283367
-3.575   0.15180106166297952   1.1243952858129183   0.07205084551294626   1.348247192988844
-3.55   0.1469476649727101   1.1431086766895846   0.07327186120079307   1.3633282028630878
-3.525   0.14461385118347936   1.1821077650650351   0.07574236328786485   1.4024639795363794
-3.5   0.14215166273277643   1.2024476658361145   0.0769975812471823   1.4215969098160732
-3.4749999999999996   0.13509116256091727   1.1666287822612083   0.07462853959539072   1.3763484844175162
-3.45   0.12744281189910558   1.116640845970797   0.0713011946666366   1.3153848525365393
-3.425   0.1258784764798637   1.1120128763408337   0.0707842867361422   1.3086756395568395
-3.4   0.13148673047085607   1.1570911765089762   0.07325479215817009   1.3618326991380023
-3.375   0.14432374312971227   1.2473344943520928   0.07827577289128204   1.469934010373087
-3.3499999999999996   0.16675023339566153   1.4063921410859492   0.08734258541096517   1.660484959892576
-3.325   0.19397774940301615   1.6064671139012459   0.09898174506723874   1.8994266083715008
-3.3   0.21143117761222932   1.7375981530566036   0.10663740785863722   2.0556667385274703
-3.275   0.21163349527739134   1.740984707807635   0.10672670691973335   2.05934491000476
-3.25   0.20436301323543998   1.692836856536867   0.1038450940815829   2.00104496385389
-3.2249999999999996   0.20061953129396293   1.6755479664496735   0.10298870515196641   1.979156202895603
-3.2   0.19754798486832575   1.658041694734767   0.10229865095623171   1.9578883305593244
-3.175   0.18932038856004887   1.5897254094096762   0.09880014799173926   1.8778459459614645
-3.15   0.18064888177197871   1.5125637180481568   0.09511710432306507   1.7883297041432005
-3.125   0.1776335013372841   1.4818721565197892   0.09447971060792965   1.7539853684650029
-3.0999999999999996   0.17611858437033898   1.4664189622779937   0.09477352900910828   1.737311075657441
-3.075   0.17075280867761466   1.4227481815329726   0.09344001467044999   1.6869410048810372
-3.05   0.16578539226746972   1.3855352410559183   0.09286703611936876   1.6441876694427568
-3.025   0.16621616676814438   1.3951134862227055   0.09528589714747866   1.6566155501383284
-3.0   0.16781201982992477   1.4159731828224686   0.09772996610620252   1.6815151687585959
-2.975   0.166009716521807   1.4116430654803087   0.09759747692692373   1.6752502589290394
-2.9499999999999997   0.1651718220299807   1.4195582332923706   0.0977529897235185   1.6824830450458699
-2.925   0.16910743782770438   1.4686932617055748   0.10059229561504456   1.7383929951483237
-2.9   0.17195590507483702   1.5050874240789718   0.10267747323753267   1.7797208023913413
-2.875   0.16843588136573814   1.4837117757235048   0.10095750462278787   1.7531051617120308
-2.85   0.16393883116575514   1.4541919477596368   0.09875942806018037   1.7168902069855725
-2.8249999999999997   0.16499038747295242   1.4745203168107466   0.10005952273940663   1.7395702270231055
-2.8   0.16914432297955073   1.5236320502134617   0.10355269091651352   1.7963290641095258
-2.775   0.17333679991524947   1.5773094747245453   0.10771092166928195   1.8583571963090768
-2.75   0.181610486418502   1.674083370353417   0.11510079279978694   1.970794649571706
-2.725   0.19442855854288082   1.8166580621452786   0.12558860796223628   2.1366752286503954
-2.6999999999999997   0.20105051566051127   1.907553016972175   0.13211128119424836   2.240714813826935
-2.675   0.19374100983516332   1.882642361007234   0.13009371759639066   2.2064770884387883
-2.65   0.1799593145753618   1.8143604415291965   0.12462961172122825   2.1189493678257865
-2.625   0.17008441647336262   1.786042191391792   0.12168585679724929   2.077812464662404
-2.5999999999999996   0.16292244193972893   1.7648131527309494   0.11907080173407453   2.0468063964047527
-2.5749999999999997   0.15336140923310818   1.6973379247340177   0.11291067356880483   1.9636100075359306
-2.55   0.1441522799570008   1.6256271294998743   0.1059925129275443   1.8757719223844194
-2.525   0.1393882062954748   1.6011493392520717   0.10243767798465464   1.8429752235322012
-2.5   0.13492758908370964   1.580225773153044   0.10038816772617527   1.815541529962929
-2.4749999999999996   0.1254096115230507   1.5090467747740504   0.09681350591894024   1.7312698922160414
-2.4499999999999997   0.1138667940042531   1.4265336361374836   0.09383476695493763   1.6342351970966742
-2.425   0.10591346823385205   1.3872858632641172   0.09397637028154694   1.5871757017795163
-2.4   0.10073280667061271   1.3639390413533061   0.09458979298307836   1.5592616410069973
-2.375   0.09515300976901542   1.314766464400671   0.09291800289854592   1.5028374770682322
-2.3499999999999996   0.09061535030121773   1.2698082389931427   0.09147391293633131   1.4518975022306917
-2.3249999999999997   0.08923470234312669   1.265115307020397   0.09283543494153083   1.4471854443050547
-2.3   0.08824489561222486   1.2651755098176753   0.09435267981811075   1.4477730852480108
-2.275   0.0845998759426111   1.2309678034463303   0.0934382128670235   1.409005892255965
-2.25   0.08049540895539253   1.1955825359890802   0.092814199171951   1.368892144116424
-2.2249999999999996   0.07897619334184205   1.197477899974092   0.09515913012831065   1.3716132234442446
-2.1999999999999997   0.07858683626253012   1.2072765653095763   0.09794228491049467   1.3838056864826012
-2.175   0.07727150143731346   1.1924044878662903   0.09888531904312674   1.3685613083467305
-2.15   0.07706409861186203   1.185730863535659   0.10090394542265314   1.3636989075701742
-2.125   0.08030161439083418   1.2202206639690119   0.10618106123423172   1.4067033395940778
-2.0999999999999996   0.0857677475235663   1.2648056460848875   0.11125539819154795   1.4618287918000017
-2.0749999999999997   0.09280877669829944   1.293072090489068   0.11361469719646658   1.4994955643838341
-2.05   0.10377474354879049   1.3411770991642473   0.11679172389830594   1.561743566611344
-2.025   0.11752763889890845   1.4261073823524273   0.12288144266642087   1.6665164639177565
-2.0   0.12668899245438117   1.4847804789692338   0.12677192514024396   1.738241396563859
-1.9749999999999996   0.12724770697111618   1.4719559980434112   0.12444900252202523   1.7236527075365526
-1.9499999999999997   0.12490683856840679   1.4414981847488795   0.12035531141606166   1.686760334733348
-1.9249999999999998   0.12621766628248676   1.4543143814220543   0.1198873329083408   1.7004193806128818
-1.9   0.13045142159031076   1.4881562209508166   0.1215079068242065   1.7401155493653337
-1.875   0.13607695706164194   1.5148656839284134   0.1228254811551563   1.7737681221452117
-1.8499999999999996   0.1465873452034351   1.574614614381322   0.1269340203504323   1.8481359799351895
-1.8249999999999997   0.16253081714021733   1.6884499118422927   0.13563299333253012   1.9866137223150402
-1.7999999999999998   0.17680384014412573   1.7919013266658408   0.14400978239630857   2.112714949206275
-1.775   0.18603559091476102   1.8453472490799814   0.149071561423822   2.1804544014185643
-1.75   0.1969155259787673   1.9110920222330132   0.15568633201967544   2.263693880231456
-1.7249999999999996   0.21247397326418585   2.0278403039364448   0.16637814655461833   2.4066924237552487
-1.6999999999999997   0.22341098346263497   2.119042458499405   0.17422029300872158   2.5166737349707615
-1.6749999999999998   0.22337294076392228   2.1288009516021993   0.17433344866112974   2.5265073410272514
-1.65   0.22088103687533103   2.132047741786858   0.1730628679044034   2.5259916465665926
-1.625   0.22503253571149126   2.20065252698929   0.17687548058442573   2.602560543285207
-1.5999999999999996   0.23218187952138983   2.2844777831590917   0.18215971847586904   2.6988193811563503
-1.5749999999999997   0.2382225209967481   2.338563862051358   0.18519740000724816   2.761983783055354
-1.5499999999999998   0.24954011068996754   2.4304593006371285   0.19116793141505634   2.8711673427421522
-1.525   0.26861183102839126   2.594754926141387   0.2030080389612634   3.0663747961310417
-1.5   0.2837082330768854   2.7252354169495616   0.21271655570083475   3.221660205727282
-1.4749999999999996   0.2872736842269392   2.749168975371873   0.21469617700932644   3.2511388366081384
-1.4499999999999997   0.2893445127381653   2.7606272984699145   0.2161155539863084   3.266087365194388
-1.4249999999999998   0.2980014424657761   2.837814666991745   0.2227377032587653   3.3585538127162864
-1.4   0.30296126416719543   2.885980685100992   0.2268310227748658   3.415772972043053
-1.375   0.29452706349420016   2.8150770053804846   0.22123637011933123   3.330840438994016
-1.3499999999999996   0.28205874188751423   2.712540869091836   0.21288827136751312   3.2074878823468636
-1.3249999999999997   0.27685363728147955   2.6786722799862517   0.20974446918231351   3.165270386450045
-1.2999999999999998   0.27296868964644366   2.647038841786576   0.2065304867167672   3.1265380181497866
-1.275   0.2617652791399123   2.5302123948828523   0.19617424251148477   2.9881519165342496
-1.25   0.2497979607484236   2.394596854741258   0.18379858700160862   2.8281934024912903
-1.2249999999999996   0.2457496846735075   2.33219167717101   0.17694129939226969   2.7548826612367874
-1.1999999999999997   0.24420565168846453   2.297722150599943   0.17252363790833883   2.7144514401967466
-1.1749999999999998   0.23799881574587187   2.222002019255034   0.16510706616162438   2.6251079011625302
-1.15   0.23262005984358264   2.153440164011524   0.15804824657686345   2.5441084704319703
-1.125   0.23326698833100937   2.142410963253142   0.15537511406196478   2.531053065646116
-1.0999999999999996   0.23095483397107577   2.1093757382701663   0.15171083658401668   2.492041408825259
-1.0749999999999997   0.21644330307812285   1.9689764740478304   0.14084878302007064   2.326268560146024
-1.0499999999999998   0.19622591165265635   1.778140181406276   0.1266253448748213   2.1009914379337538
-1.025   0.18120720939192553   1.635889807497107   0.11607898250831254   1.9331759993973452
-1.0   0.17042375433054463   1.5348798135995803   0.10884672565691675   1.8141502935870417
-0.9749999999999996   0.1581470549714979   1.423580085914317   0.10138216283372896   1.683109303719544
-0.9500000000000002   0.14678026098172695   1.322283733646225   0.09503748191976578   1.5641014765477177
-0.9249999999999998   0.14109812886377646   1.2717565950276923   0.09240348109987806   1.505258204991347
-0.8999999999999995   0.1384163689152014   1.245220983932952   0.09126687879675938   1.4749042316449128
-0.875   0.13470493784399884   1.2043553958997026   0.08887315503679166   1.427933488780493
-0.8499999999999996   0.1327556564503105   1.1744569524490616   0.08724916618252998   1.394461775081902
-0.8250000000000002   0.1354604508599087   1.1845725360867911   0.08860492211047728   1.408637909057177
-0.7999999999999998   0.1385834407949886   1.1997837686138315   0.09040508826199116   1.4287722976708113
-0.7749999999999995   0.13838819942626973   1.185946376414871   0.09027819891266815   1.4146127747538089
-0.75   0.13871517698997154   1.1747614129246782   0.0907007399109533   1.404177329825603
-0.7249999999999996   0.1424606242883599   1.1938159095767282   0.09356440494461882   1.4298409388097069
-0.7000000000000002   0.14392159868074988   1.1988994979695133   0.09530013425005042   1.4381212309003135
-0.6749999999999998   0.13786135555481202   1.1468579189253507   0.09275479220803425   1.377474066688197
-0.6499999999999995   0.1285788681325981   1.0717907059807579   0.08876721458997631   1.2891367887033323
-0.625   0.12180080595392559   1.0195463430829668   0.08651049201920359   1.227857641056096
-0.5999999999999996   0.11476485909296487   0.9667710624372705   0.08329942421676148   1.1648353457469969
-0.5750000000000002   0.10240118821264065   0.8725625920016437   0.07551341329531175   1.050477193509596
-0.5499999999999998   0.08719953619876968   0.7586621047790076   0.06535854436835876   0.911220185346136
-0.5249999999999995   0.07571118587844214   0.6781668355583448   0.05779658280181408   0.811674604238601
-0.5   0.07031258523967886   0.6487156002362671   0.05450918805315101   0.7735373735290969
-0.47499999999999964   0.07011284611903996   0.6642677785274226   0.05487683026189823   0.7892574549083609
-0.4500000000000002   0.07477673123067129   0.7248822048645296   0.058827058379871414   0.8584859944750723
-0.4249999999999998   0.08172908543483604   0.804541475621059   0.0644335988701962   0.9507041599260913
-0.39999999999999947   0.08411224614164997   0.8332255033055557   0.0662856416313659   0.9836233910785716
-0.375   0.07737760709130193   0.7653493635718237   0.06076624653758488   0.9034932172007105
-0.34999999999999964   0.06495236050777514   0.6367793885372307   0.05061246237077622   0.7523442114157821
-0.3250000000000002   0.05308802807861576   0.5131007602863353   0.04089946260377725   0.6070882509687283
-0.2999999999999998   0.04319774330698017   0.41196620826593844   0.03293449732615129   0.4880984488990699
-0.27499999999999947   0.0329577879845289   0.31181391403021613   0.024974138887019326   0.3697458409017644
-0.25   0.02199213087316817   0.2074509114780116   0.01663106933254485   0.24607411168372462
-0.22499999999999964   0.012759948273585554   0.12059283925488978   0.009675220626864663   0.14302800815534
-0.1999999999999993   0.007303984566612655   0.06993800456754384   0.005622432987692997   0.0828644221218495
-0.17499999999999982   0.005649205013210918   0.055816400001200646   0.004507770444041433   0.065973375458453
-0.14999999999999947   0.00680997993909619   0.0691708670323208   0.005609445988602411   0.0815902929600194
-0.125   0.010091856134845872   0.10365011870201282   0.008421929063427131   0.12216390390028582
-0.09999999999999964   0.01591978160038913   0.1639419027467995   0.013332842596254689   0.19319452694344333
-0.07499999999999929   0.025800889076986206   0.2656793863434016   0.021617485239028688   0.31309776065941647
-0.04999999999999982   0.039913480946606045   0.4108116056811058   0.03343497092111545   0.4841600575488273
-0.024999999999999467   0.05367966643179286   0.5523464464832126   0.044959292859553045   0.6509854057745585
0.0   0.059002286584114896   0.6070383303837585   0.049413835597580814   0.7154544525654543
0.025000000000000355   0.05148139970435171   0.529622792516675   0.04311655134910326   0.62422074357013
0.05000000000000071   0.0352528904841199   0.36260038025476826   0.02953835532067252   0.42739162605956066
0.07500000000000018   0.01891876354463573   0.19434335069305575   0.015906623910354623   0.2291687381480461
0.10000000000000053   0.008126120928365045   0.08270960877258288   0.007001200417051699   0.09783693011799961
0.125   0.003234436474649779   0.031103615640112665   0.0031870603521223185   0.03752511246688476
0.15000000000000036   0.0019896036630408422   0.016217364773954943   0.0026011697865813204   0.020808138223577105
0.1750000000000007   0.0023221573895942263   0.016932511226276373   0.003468335785059634   0.022723004400930235
0.20000000000000018   0.0032410330840728875   0.02306972943424907   0.004946009455036656   0.03125677197335862
0.22500000000000053   0.004628523379840947   0.03274093085194043   0.00707367780557022   0.0444431320373516
0.25   0.006626384804829348   0.04669693457714552   0.010121446068100427   0.0634447654500753
0.27500000000000036   0.009017764896168241   0.06334812068730075   0.013772542891538479   0.08613842847500747
0.3000000000000007   0.011366634379992357   0.0795299754207762   0.017370388019688782   0.10826699782045733
0.3250000000000002   0.013799715169084441   0.09599767193286579   0.021115904641927797   0.13091329174387803
0.35000000000000053   0.016874746526179325   0.11664090856445511   0.025860312080366064   0.1593759671710005
0.375   0.020222387367282702   0.13904483677028165   0.031027129605480906   0.19029435374304526
0.40000000000000036   0.022313919151121995   0.15268211162297876   0.03426686717133961   0.20926289794544037
0.4250000000000007   0.022385685395371318   0.1521145656369675   0.034413124457306606   0.20891337548964542
0.4500000000000002   0.021552360763814834   0.14490558573294834   0.033182060741219925   0.1996400072379831
0.47500000000000053   0.021090071840965688   0.14006851333745673   0.03252872506886281   0.19368731024728522
0.5   0.020812868696420038   0.13668749199440924   0.03216225283544772   0.189662613526277
0.5250000000000004   0.020186748834725852   0.1310405852167752   0.03127015586893995   0.182497489920441
0.5500000000000007   0.01972734724448891   0.12623523700848774   0.030654424446577934   0.17661700869955457
0.5750000000000002   0.020070472979538182   0.12652557963729932   0.03127310808003124   0.17786916069686876
0.6000000000000005   0.02087973186797667   0.12990951996101366   0.03256250296403592   0.18335175479302626
0.625   0.021863386605001187   0.1342408412604625   0.03404321494192534   0.19014744280738902
0.6500000000000004   0.02362487553477994   0.14295863479138882   0.0366372425034912   0.20322075282965996
0.6750000000000007   0.026347656196591886   0.15727792905605342   0.04056731212488351   0.22419289737752882
0.7000000000000002   0.029056186697872504   0.1712266237704319   0.04413554145451442   0.24441835192281883
0.7250000000000005   0.03142464005671043   0.18226911973401966   0.04658180700855432   0.2602755667992844
0.75   0.03468868326468985   0.19740685428969926   0.04977783698251091   0.28187337453690003
0.7750000000000004   0.0394619802039281   0.2207953836546138   0.05508354012247374   0.3153409039810156
0.8000000000000007   0.0447308967746904   0.24705435388952354   0.0614796492225624   0.35326489988677634
0.8250000000000002   0.05049410676061936   0.27557559258752645   0.06898021254528235   0.3950499118934282
0.8500000000000005   0.05856951211187297   0.3157919991408693   0.07991606939554624   0.45427758064828855
0.875   0.06875403893260479   0.36651569821552604   0.09392595717673129   0.5291956943248621
0.9000000000000004   0.07775104394649562   0.4091748581615842   0.1065828728856677   0.5935087749937475
0.9250000000000007   0.08463358274426933   0.4369426875646923   0.11677104856018129   0.6383473188691429
0.9500000000000002   0.09309321091187911   0.4685217214149947   0.12953453139269913   0.6911494637195729
0.9750000000000005   0.10507549937452831   0.5154571332586011   0.1472251057389985   0.7677577383721279
1.0   0.11772670085596003   0.5632610415048077   0.16553755283105975   0.8465252951918275
1.0250000000000004   0.13051025205048133   0.6057403107100727   0.18367755470742406   0.9199281174679781
1.0500000000000007   0.147809206502409   0.662876418089326   0.20794363017620685   1.0186292547679419
1.0750000000000002   0.16875194192540802   0.7362959680145429   0.2372790008776692   1.1423269108176202
1.1000000000000005   0.18329650505125303   0.7864601540139793   0.2576806869748534   1.2274373460400858
1.125   0.18609472952294667   0.7896668430679904   0.2616705214291097   1.2374320940200467
1.1500000000000004   0.18490291584072985   0.7771184718648211   0.26012431214400006   1.222145699849551
1.1750000000000007   0.18664944693434227   0.779014978279147   0.2626946844449861   1.2283591096584754
1.2000000000000002   0.1855306109181445   0.7737055216492051   0.2611073491189635   1.2203434816863132
1.2250000000000005   0.17482392643304054   0.734739931148425   0.24583107139756805   1.1553949289790335
1.25   0.16033707672347594   0.6852527702343859   0.2250295218637294   1.0706193688215913
1.2750000000000004   0.15194927522727608   0.6624470213466631   0.2126197080217296   1.0270160045956689
1.3000000000000007   0.15128897929481303   0.6687584106364324   0.21080548670127888   1.0308528766325242
1.3250000000000002   0.15685738316278797   0.6970899197070258   0.21723801100624518   1.071185313876059
1.3500000000000005   0.17075376011027674   0.7589269978154899   0.23476542469842057   1.1644461826241872
1.375   0.1902519878261226   0.8444846347560166   0.2599753445883072   1.2947119671704463
1.4000000000000004   0.20314801856108847   0.9009307225432984   0.276408702967444   1.3804874440718309
1.4250000000000007   0.20251783572052723   0.89792842654098   0.2744754780317982   1.3749217402933054
1.4500000000000002   0.19681935921547777   0.8730158593558681   0.2655045746009423   1.3353397931722881
1.4750000000000005   0.19560021721118512   0.8688392394754545   0.262615500538828   1.3270549572254675
1.5   0.19593444313073302   0.8733900497923901   0.26213461245035624   1.3314591053734794
1.5250000000000004   0.19299119958457991   0.8664862177099688   0.2575412411771775   1.3170186584717263
1.5500000000000007   0.19195269980027385   0.871023431371761   0.25564907446720275   1.3186252056392376
1.5750000000000002   0.19812835739823736   0.907591737909285   0.26372016906618334   1.3694402643737056
1.6000000000000005   0.20689591193984808   0.9511604090300729   0.2760733977517936   1.4341297187217146
1.625   0.21466848811999747   0.9837899814357444   0.2884056874358729   1.4868641569916148
1.6500000000000004   0.2276737772304657   1.0356374907086192   0.30900409872501694   1.5723153666641019
1.6750000000000007   0.2484876314248508   1.122444344479866   0.34060977674984044   1.711541752654557
1.7000000000000002   0.26732108236135055   1.2032632908617182   0.36950662821391766   1.8400910014369865
1.7250000000000005   0.27891542479543835   1.2551465791820178   0.38901915834561607   1.9230811623230721
1.75   0.29306928399537946   1.3210532730342228   0.4130110515071975   2.0271336085367997
1.7750000000000004   0.31494960203884936   1.4223409318874447   0.44775229152228424   2.185042825448578
1.8000000000000007   0.3319573200389547   1.5007161243235492   0.4743678141390812   2.307041258501585
1.8250000000000002   0.33550089173724607   1.5170410793964155   0.480608246040904   2.3331502171745653
1.8500000000000005   0.33736532603473635   1.5249849827581992   0.4838918064711345   2.34624211526407
1.875   0.3473697843222807   1.5695379267592784   0.4988194646977593   2.4157271757793186
1.9000000000000004   0.3542828179959023   1.6003883612434102   0.5097756291193192   2.4644468083586317
1.9250000000000007   0.34755519164231474   1.56996743893419   0.5021085471965651   2.41963117777307
1.9500000000000002   0.33817601882830295   1.5276656120105385   0.49170993899749665   2.357551569836338
1.9750000000000005   0.33845571258798496   1.528448383391144   0.49570794403784973   2.3626120400169786
2.0   0.34078846855642364   1.5368700779791917   0.5025509757156426   2.380209522251258
2.0250000000000004   0.3360434209097727   1.51053622460181   0.49940890972883056   2.345988555240413
2.0500000000000007   0.33316931681841533   1.4897101285184664   0.49994707434766356   2.3228265196845452
2.075   0.3406167694299465   1.5140159863797915   0.5159166610598769   2.370549416869615
2.1000000000000005   0.3478592387826042   1.5374111060592917   0.5305484310263001   2.415818775868196
2.125   0.3452962001833306   1.5156168943612056   0.5295962226841359   2.390509317228672
2.1500000000000004   0.34317605960173503   1.492710826335614   0.5293559180771698   2.365242804014519
2.1750000000000007   0.3511806674191327   1.5133171990308   0.5445444568989853   2.409042323348918
2.2   0.3590524768238818   1.5349204681582502   0.5589751038455565   2.4529480488276887
2.2250000000000005   0.3572273788654431   1.5146737690282133   0.558114842311936   2.4300159902055922
2.25   0.3563781231864821   1.4967545823682749   0.5590850277242502   2.412217733279007
2.2750000000000004   0.3663961916283009   1.5264949660580651   0.5775221203808292   2.4704132780671952
2.3000000000000007   0.37672686212189727   1.5649743858163652   0.597322923098379   2.5390241710366412
2.325   0.37786527839871015   1.5748588665685903   0.6046284969121893   2.55735264187949
2.3500000000000005   0.3806632311699091   1.5996707398010708   0.6170822090241151   2.597416179995095
2.375   0.39295635911570354   1.6682299891988601   0.6459740700483927   2.7071604183629563
2.4000000000000004   0.3990798347749769   1.7136631368849318   0.6653281338246461   2.778071105484555
2.4250000000000007   0.38520134798153244   1.6817521992949822   0.6543799389210967   2.7213334861976115
2.45   0.3640907520746886   1.629203762448916   0.6353993208272302   2.628693835350835
2.4750000000000005   0.35284411141380867   1.6220996356537636   0.6337589207999582   2.6087026678675307
2.5   0.3466937982312704   1.629737382909022   0.6367749786696234   2.613206159809916
2.5250000000000004   0.3359503494636867   1.6104275173444045   0.627711467852921   2.574089334661012
2.5500000000000007   0.32787245706418944   1.6047812508606991   0.6225952842644579   2.5552489921893464
2.575   0.33003377622784646   1.6470494444494974   0.6355454124227786   2.6126286331001225
2.6000000000000005   0.33138486224184566   1.678596553885598   0.6442254887693829   2.6542069048968266
2.625   0.32096426849947934   1.64756090682044   0.6279537212917075   2.596478896611627
2.6500000000000004   0.307750384723242   1.603975815031013   0.6054383162085227   2.517164515962778
2.6750000000000007   0.30248065040094785   1.6012930731566009   0.5979139435756884   2.501687667133237
2.7   0.2971133241719888   1.5946775840576644   0.5891577224877843   2.4809486307174375
2.7250000000000005   0.28113684840312386   1.5317195740969012   0.5585027843926006   2.3713592068926257
2.75   0.2618458666584723   1.4552931966680758   0.5209361641491841   2.238075227475732
2.7750000000000004   0.25043561055532504   1.4230660952190943   0.4992038379334365   2.1727055437078557
2.8000000000000007   0.24300360914611258   1.4091160966218477   0.486141403335397   2.1382611091033574
2.825   0.23191395704889364   1.3739749421153826   0.4672896044783303   2.0731785036426067
2.8500000000000005   0.22189506373643325   1.3500520514356857   0.45238526757386927   2.024332382745988
2.875   0.21927581576915572   1.371441347640383   0.45354612381924336   2.044263287228782
2.9000000000000004   0.21816493977330795   1.3981230040885304   0.45875606907515737   2.0750440129369956
2.9250000000000007   0.21175807997833618   1.3928217798332778   0.45576366731069456   2.0603435271223085
2.95   0.2053985773383845   1.3951994763737188   0.4566752399337879   2.057273293645891
2.9750000000000005   0.20520810410539725   1.4398715576377106   0.4718919442167401   2.116971605959848
3.0   0.20546043900634117   1.4812808169145786   0.4859421317817618   2.1726833877026817
3.0250000000000004   0.19980595737966475   1.4802339078124627   0.48585260344693804   2.1658924686390653
3.0500000000000007   0.19356575060884992   1.4816993023467535   0.4863997098876985   2.161664762843302
3.075000000000001   0.19268810723423438   1.5244364032638413   0.5001813654937699   2.217305875991846
3.0999999999999996   0.19159436999182478   1.5591399233466938   0.5106385446690604   2.261372838007579
3.125   0.18386687297402687   1.5412240813800673   0.5026762224560112   2.2277671768101053
3.1500000000000004   0.17445769117319188   1.5178392365669364   0.4916986625852974   2.183995590325426
3.1750000000000007   0.16988395567415826   1.5359040838670075   0.49371693590847004   2.199504975449636
3.200000000000001   0.16627738040817208   1.5514872166496707   0.4949659137895334   2.212730510847376
3.2249999999999996   0.15802699348068272   1.5188745709797888   0.4800812144001019   2.1569827788605735
3.25   0.14896071035733136   1.4825669296989745   0.46272000468437413   2.09424764474068
3.2750000000000004   0.14470989524846137   1.4926480319301707   0.459597620402909   2.096955547581541
3.3000000000000007   0.14258113179364393   1.5151330950752089   0.46099972534464784   2.1187139522135006
3.325000000000001   0.1384222244350963   1.5127842404124592   0.4546952910379788   2.1059017558855344
3.3499999999999996   0.1353125678493878   1.5265677856108884   0.4523288167928034   2.1142091702530794
3.375   0.1365389013096215   1.5893538770339812   0.4647484031840612   2.190641181527664
3.4000000000000004   0.13779699377298021   1.6484149971983197   0.4776520264408504   2.2638640174121503
3.4250000000000007   0.13486903788651824   1.6623381109328417   0.4786945485417244   2.275901697361084
3.450000000000001   0.1315430087786464   1.682649846132584   0.48199751969008164   2.296190374601312
3.4749999999999996   0.13189124398933602   1.7489074461365637   0.4989267869737013   2.3797254770996012
3.5   0.13217750666817987   1.799918030065042   0.5123588568316096   2.4444543935648313
3.5250000000000004   0.12826636279770418   1.7840221777361158   0.5075837830647104   2.4198723235985304
3.5500000000000007   0.12365600465196024   1.757541153750365   0.5003136055088776   2.3815107639112028
3.575000000000001   0.12237389422285398   1.7747769738980603   0.5055773340038888   2.4027282021248033
3.5999999999999996   0.12100504282751112   1.7813591029684055   0.5075422859251123   2.409906431721029
3.625   0.11538946591247788   1.7189257676081038   0.4894329705054439   2.3237482040260256
3.6500000000000004   0.10856889066520214   1.6363263558320431   0.4652497759705182   2.2101450224677635
3.6750000000000007   0.10481514780773822   1.593255181061497   0.45229566735446275   2.150365996223698
3.700000000000001   0.10198567586185553   1.5473708077585508   0.43885602362423654   2.088212507244643
3.7249999999999996   0.09665862714012431   1.4394794638922868   0.4082083313635604   1.9443464223959714
3.75   0.0911464233714662   1.3071371568816839   0.37090036553279626   1.7691839457859464
3.7750000000000004   0.08911898670030896   1.2195480169254374   0.3464252744754394   1.6550922781011859
3.8000000000000007   0.08957993868315188   1.1748414601836092   0.3342140565501418   1.598635455416903
3.825000000000001   0.09078805203516267   1.1443391216818366   0.3262181480830028   1.5613453218000022
3.8499999999999996   0.094658963133669   1.1449515746101475   0.3272747452076835   1.5668852829515
3.875   0.10173544643804458   1.1885082454091749   0.34049552306723524   1.6307392149144548
3.9000000000000004   0.10738944157595054   1.2275844799366329   0.3519667595977227   1.686940681110306
3.9250000000000007   0.10871654080875348   1.227050509678689   0.35147988245424205   1.6872469329416844
3.950000000000001   0.1096221957857764   1.225950526511826   0.3503428767343104   1.6859155990319128
3.9749999999999996   0.11356488997354311   1.2609236570920666   0.3593521224824956   1.7338406695481052
4.0   0.11747636259350194   1.2973204717875575   0.3688024460283735   1.783599280409433
4.025   0.11862341134420851   1.3033955531007078   0.3695201496389677   1.791539114083884
4.050000000000001   0.12054317720166838   1.31704289408754   0.3721512892529242   1.8097373605421325
4.075000000000001   0.1256669815948326   1.3659452640903995   0.384733552588998   1.87634579827423
4.1   0.12913493607170706   1.398343115281943   0.3928469707181797   1.9203250220718298
4.125   0.12692730843847058   1.3701200774447917   0.38393720516045055   1.8809845910437129
4.15   0.12317645294891563   1.325320154452964   0.370199036103061   1.8186956435049406
4.175000000000001   0.1223487278426824   1.3132039813233123   0.36552762774984476   1.8010803369158395
4.200000000000001   0.12118626320151575   1.300902751230876   0.3608272737799089   1.7829162882123006
4.225   0.11559488570170685   1.2458522005227735   0.3440039976535051   1.7054510838779855
4.25   0.10871688904329774   1.1810722689307114   0.32404742321858565   1.6138365811925948
4.275   0.10498569226346004   1.1510139159496915   0.31360898507488094   1.5696085932880324
4.300000000000001   0.10246497163493809   1.1313448400642203   0.3064621503205697   1.5402719620197283
4.325000000000001   0.0978918387106688   1.0862576362885306   0.29270347677023845   1.476852951769438
4.35   0.09343655960918562   1.0409612534766568   0.2788499093821721   1.4132477224680147
4.375   0.0920210044343668   1.0271089765306762   0.2735854886220862   1.392715469587129
4.4   0.09135815860470892   1.0164131959061373   0.26966954170055074   1.377440896211397
4.425000000000001   0.08862511283217755   0.9748207843485813   0.25800172884896316   1.3214476260297219
4.450000000000001   0.08593469379950554   0.9267492065651113   0.2448263737908774   1.2575102741554942
4.475   0.08554371857647723   0.903510172448359   0.23832744893352545   1.2273813399583617
4.5   0.08452928089740853   0.8806283385795282   0.23204407261068072   1.1972016920876174
4.525   0.07968424288572405   0.8255332249806693   0.21734853936221016   1.1225660072286034
4.550000000000001   0.07327443050904892   0.7605188944247616   0.20004756125761483   1.0338408861914254
4.575000000000001   0.06893238753163189   0.7255437070716492   0.1906166324633292   0.9850927270666102
4.600000000000001   0.06595836200332858   0.7223860583250439   0.18946487180587476   0.9778092921342473
4.625   0.062241703201294254   0.740932998717265   0.1938371613384152   0.9970118632569746
4.65   0.05889503869415058   0.7928906098993092   0.2068000448369939   1.0585856934304536
4.675000000000001   0.05763468549489292   0.872253668164925   0.22700063127811923   1.1568889849379371
4.700000000000001   0.057029275268834376   0.9301051734905957   0.24196533083382382   1.229099779593254
4.725000000000001   0.05530888894905956   0.9383407587940824   0.24451647774249483   1.2381661254856369
4.75   0.053768147792197095   0.932876379741096   0.2439101672058677   1.2305546947391608
4.775   0.05384663073526505   0.947079110444845   0.2485201317812057   1.2494458729613158
4.800000000000001   0.053881038429282754   0.9537964823841444   0.25095494399900703   1.2586324648124343
4.825000000000001   0.05207646977805631   0.9224144053843355   0.2431858539724476   1.2176767291348394
4.850000000000001   0.049681046118709604   0.8771207367437492   0.23169237738462306   1.158494160247082
4.875   0.04786824817064477   0.8414431333280605   0.22265413629949288   1.1119655177981982
4.9   0.044226656976713165   0.7750291445687546   0.20531012327866335   1.024565924824131
4.925000000000001   0.03579795076694769   0.6263587530155029   0.16601636705620443   0.828173070838655
4.950000000000001   0.023788200959359775   0.41595649155636216   0.11027392243746317   0.5500186149531852
4.975000000000001   0.01257248658259176   0.21978595589729572   0.05827230914534308   0.29063075162523055
5.0   0.00521639838557858   0.09118202376920075   0.024176058533078804   0.12057448068785813
5.025   0.0016905796262619373   0.02955011588576181   0.00783502948649664   0.039075724998520384
5.050000000000001   0.0004271722988035751   0.007466569948752762   0.0019797232942486906   0.009873465541805028
5.075000000000001   8.40954248452013e-05   0.0014699020629835929   0.00038973773529800567   0.0019437352231267998
